91784,0,10000000000,2,9999999967,[9.999939830657752991e+09,9.999939830657762527e+09]
176875,10000000000,20000000000,2,19999999967,[9.999881932110448837e+09,9.999881932110460281e+09]
262155,20000000000,30000000000,2,29999999993,[9.999950357047201157e+09,9.999950357047212601e+09]
347167,30000000000,40000000000,2,39999999979,[1.000003622896032524e+10,1.000003622896033478e+10]
431556,40000000000,50000000000,2,49999999967,[9.999920031956146240e+09,9.999920031956155777e+09]
516805,50000000000,60000000000,2,59999999999,[1.000004419681886673e+10,1.000004419681887627e+10]
596590,60000000000,70000000000,2,69999999997,[9.999997366653158188e+09,9.999997366653167725e+09]
678586,70000000000,80000000000,2,79999999999,[9.999948412991714478e+09,9.999948412991724014e+09]
761082,80000000000,90000000000,2,89999999993,[9.999926298895254135e+09,9.999926298895263672e+09]
845127,90000000000,100000000000,2,99999999977,[1.000009299701652908e+10,1.000009299701653862e+10]
926863,100000000000,110000000000,2,109999999987,[9.999745601529335022e+09,9.999745601529344559e+09]
1009812,110000000000,120000000000,2,119999999981,[1.000006032627789307e+10,1.000006032627790260e+10]
1094625,120000000000,130000000000,2,129999999949,[1.000023527405401230e+10,1.000023527405402184e+10]
1177276,130000000000,140000000000,2,139999999991,[9.999850496901897430e+09,9.999850496901906967e+09]
1257737,140000000000,150000000000,2,149999999969,[1.000008992826456070e+10,1.000008992826457024e+10]
1337206,150000000000,160000000000,2,159999999983,[9.999876828277023315e+09,9.999876828277032852e+09]
1418033,160000000000,170000000000,2,169999999963,[9.999888304871969223e+09,9.999888304871978760e+09]
1498633,170000000000,180000000000,2,179999999953,[1.000017489217307854e+10,1.000017489217308617e+10]
1579335,180000000000,190000000000,2,189999999983,[9.999840640649513245e+09,9.999840640649522781e+09]
1658399,190000000000,200000000000,2,199999999949,[1.000019553813966370e+10,1.000019553813967323e+10]
1739368,200000000000,210000000000,2,209999999971,[9.999893559417469025e+09,9.999893559417478561e+09]
1819807,210000000000,220000000000,2,219999999977,[9.999949729543523788e+09,9.999949729543533325e+09]
1900478,220000000000,230000000000,2,229999999981,[9.999906421162410736e+09,9.999906421162420273e+09]
1981277,230000000000,240000000000,2,239999999999,[1.000029064193001366e+10,1.000029064193002319e+10]
2061954,240000000000,250000000000,2,249999999973,[9.999647848165817261e+09,9.999647848165826797e+09]
2142530,250000000000,260000000000,2,259999999997,[1.000005273746698189e+10,1.000005273746699142e+10]
2223092,260000000000,270000000000,2,269999999999,[9.999951135580162048e+09,9.999951135580171585e+09]
2301065,270000000000,280000000000,2,279999999997,[9.999988280387176514e+09,9.999988280387186050e+09]
2380354,280000000000,290000000000,2,289999999987,[9.999982354598606110e+09,9.999982354598615646e+09]
2458586,290000000000,300000000000,2,299999999989,[1.000006498749656677e+10,1.000006498749657631e+10]
2538015,300000000000,310000000000,2,309999999983,[1.000000212756334496e+10,1.000000212756335258e+10]
2615516,310000000000,320000000000,2,319999999973,[1.000003484925921059e+10,1.000003484925922012e+10]
2691552,320000000000,330000000000,2,329999999993,[1.000025718197784805e+10,1.000025718197785759e+10]
2768273,330000000000,340000000000,2,339999999973,[9.999928397613554001e+09,9.999928397613563538e+09]
2843771,340000000000,350000000000,2,349999999967,[9.999879302512378693e+09,9.999879302512388229e+09]
2923723,350000000000,360000000000,2,359999999941,[1.000000755467253304e+10,1.000000755467254257e+10]
3001428,360000000000,370000000000,2,369999999997,[9.999916975765113831e+09,9.999916975765123367e+09]
3079295,370000000000,380000000000,2,379999999993,[1.000001233965328217e+10,1.000001233965329170e+10]
3158277,380000000000,390000000000,2,389999999927,[9.999833582523389816e+09,9.999833582523399353e+09]
3235601,390000000000,400000000000,2,399999999977,[9.999805704772689819e+09,9.999805704772699356e+09]
3314991,400000000000,410000000000,2,409999999991,[1.000016539049054146e+10,1.000016539049055099e+10]
3394625,410000000000,420000000000,2,419999999989,[9.999938603270645142e+09,9.999938603270654678e+09]
3471534,420000000000,430000000000,2,429999999967,[1.000001250849072647e+10,1.000001250849073410e+10]
3551916,430000000000,440000000000,2,439999999991,[1.000023697071520233e+10,1.000023697071520996e+10]
3629434,440000000000,450000000000,2,449999999987,[9.999928075070041656e+09,9.999928075070049286e+09]
3705791,450000000000,460000000000,2,459999999997,[9.999967093710414886e+09,9.999967093710424423e+09]
3784654,460000000000,470000000000,2,469999999949,[1.000002616405708885e+10,1.000002616405709839e+10]
3863106,470000000000,480000000000,2,479999999959,[9.999732670558538437e+09,9.999732670558547974e+09]
3939416,480000000000,490000000000,2,489999999961,[1.000008194777131653e+10,1.000008194777132416e+10]
4016841,490000000000,500000000000,2,499999999979,[9.999915122140295029e+09,9.999915122140304565e+09]
4092107,500000000000,510000000000,2,509999999981,[1.000017276887225151e+10,1.000017276887226105e+10]
4170988,510000000000,520000000000,2,519999999997,[9.999995233217666626e+09,9.999995233217674255e+09]
4249205,520000000000,530000000000,2,529999999967,[1.000009948730410385e+10,1.000009948730411339e+10]
4328286,530000000000,540000000000,2,539999999999,[1.000012099216297340e+10,1.000012099216298294e+10]
4408625,540000000000,550000000000,2,549999999959,[9.999826866262378693e+09,9.999826866262388229e+09]
4486344,550000000000,560000000000,2,559999999997,[1.000010337905684471e+10,1.000010337905685425e+10]
4564260,560000000000,570000000000,2,569999999999,[9.999909525708204269e+09,9.999909525708213806e+09]
4641866,570000000000,580000000000,2,579999999977,[9.999974646610656738e+09,9.999974646610666275e+09]
4719054,580000000000,590000000000,2,589999999969,[9.999862560926277161e+09,9.999862560926286697e+09]
4795916,590000000000,600000000000,2,599999999993,[1.000007936873179817e+10,1.000007936873180580e+10]
4872383,600000000000,610000000000,2,609999999913,[9.999860899642580032e+09,9.999860899642589569e+09]
4948267,610000000000,620000000000,2,619999999973,[9.999958754636852264e+09,9.999958754636859894e+09]
5025293,620000000000,630000000000,2,629999999977,[1.000004270192150879e+10,1.000004270192151642e+10]
5102788,630000000000,640000000000,2,639999999979,[9.999875338699897766e+09,9.999875338699907303e+09]
5178856,640000000000,650000000000,2,649999999993,[1.000006141494286537e+10,1.000006141494287491e+10]
5255487,650000000000,660000000000,2,659999999963,[9.999910501453815460e+09,9.999910501453824997e+09]
5332573,660000000000,670000000000,2,669999999953,[1.000010825686375237e+10,1.000010825686376190e+10]
5410037,670000000000,680000000000,2,679999999997,[1.000012871103566742e+10,1.000012871103567696e+10]
5484475,680000000000,690000000000,2,689999999993,[9.999765950291673660e+09,9.999765950291683197e+09]
5561825,690000000000,700000000000,2,699999999989,[1.000003639892016029e+10,1.000003639892016983e+10]
5637001,700000000000,710000000000,2,709999999999,[1.000008906009543037e+10,1.000008906009543991e+10]
5713613,710000000000,720000000000,2,719999999993,[9.999648079191457748e+09,9.999648079191467285e+09]
5789472,720000000000,730000000000,2,729999999947,[1.000021786480134201e+10,1.000021786480135155e+10]
5865126,730000000000,740000000000,2,739999999951,[1.000003634417452431e+10,1.000003634417453384e+10]
5942284,740000000000,750000000000,2,749999999989,[1.000030654781842804e+10,1.000030654781843758e+10]
6018964,750000000000,760000000000,2,759999999959,[9.999963081812795639e+09,9.999963081812805176e+09]
6095985,760000000000,770000000000,2,769999999961,[1.000010447616470528e+10,1.000010447616471291e+10]
6171994,770000000000,780000000000,2,779999999917,[1.000008944062822342e+10,1.000008944062823296e+10]
6249387,780000000000,790000000000,2,789999999991,[9.999631254793514252e+09,9.999631254793521881e+09]
6326115,790000000000,800000000000,2,799999999991,[1.000004812675880241e+10,1.000004812675881004e+10]
6403331,800000000000,810000000000,2,809999999959,[1.000009158735762978e+10,1.000009158735763931e+10]
6481175,810000000000,820000000000,2,819999999997,[1.000015889912298775e+10,1.000015889912299728e+10]
6558886,820000000000,830000000000,2,829999999973,[9.999901096055568695e+09,9.999901096055576324e+09]
6636513,830000000000,840000000000,2,839999999977,[9.999907878361408234e+09,9.999907878361417770e+09]
6713901,840000000000,850000000000,2,849999999977,[1.000003925036770058e+10,1.000003925036770821e+10]
6790966,850000000000,860000000000,2,859999999987,[1.000003582991465187e+10,1.000003582991466141e+10]
6865063,860000000000,870000000000,2,869999999993,[9.999824889728982925e+09,9.999824889728992462e+09]
6943165,870000000000,880000000000,2,879999999979,[1.000007457896398163e+10,1.000007457896399117e+10]
7018853,880000000000,890000000000,2,889999999951,[9.999881468847740173e+09,9.999881468847747803e+09]
7094889,890000000000,900000000000,2,899999999981,[9.999769374146585464e+09,9.999769374146595001e+09]
7172435,900000000000,910000000000,2,909999999983,[1.000012341739782715e+10,1.000012341739783478e+10]
7250058,910000000000,920000000000,2,919999999981,[1.000012232703690338e+10,1.000012232703691292e+10]
7325832,920000000000,930000000000,2,929999999987,[9.999784915701644897e+09,9.999784915701652527e+09]
7403637,930000000000,940000000000,2,939999999973,[1.000007247872531509e+10,1.000007247872532463e+10]
7477169,940000000000,950000000000,2,949999999961,[1.000024397748346901e+10,1.000024397748347664e+10]
7528611,950000000000,960000000000,2,959999999999,[1.000000327646690559e+10,1.000000327646691322e+10]
7580042,960000000000,970000000000,2,969999999977,[9.999800588774175644e+09,9.999800588774185181e+09]
7631452,970000000000,980000000000,2,979999999919,[9.999989114988693237e+09,9.999989114988702774e+09]
7682854,980000000000,990000000000,2,989999999981,[1.000008188623587799e+10,1.000008188623588562e+10]
7734248,990000000000,1000000000000,2,999999999989,[9.999989721333345413e+09,9.999989721333354950e+09]
14542259,1000000000000,2000000000000,2,1999999999981,[9.999997251883740234e+11,9.999997251883747559e+11]
21267948,2000000000000,3000000000000,2,2999999999933,[9.999990642375168457e+11,9.999990642375175781e+11]
27773436,3000000000000,4000000000000,2,3999999999967,[1.000000550436729370e+12,1.000000550436730103e+12]
33908588,4000000000000,5000000000000,2,4999999999937,[9.999997034479935303e+11,9.999997034479942627e+11]
39988833,5000000000000,6000000000000,2,5999999999891,[9.999992030831652832e+11,9.999992030831660156e+11]
46084455,6000000000000,7000000000000,2,6999999999973,[9.999996596332882080e+11,9.999996596332889404e+11]
52166848,7000000000000,8000000000000,2,7999999999993,[1.000000928311217407e+12,1.000000928311218140e+12]
58196842,8000000000000,9000000000000,2,8999999999993,[9.999985606288607178e+11,9.999985606288614502e+11]
63726078,9000000000000,10000000000000,2,9999999999971,[1.000000562992789307e+12,1.000000562992790039e+12]
6680966,10000000000000,11000000000000,10000000000037,10999999999943,[9.999998928648802490e+11,9.999998928648809814e+11]
12655899,11000000000000,12000000000000,10000000000037,11999999999969,[1.000000740288351318e+12,1.000000740288352051e+12]
18642905,12000000000000,13000000000000,10000000000037,12999999999989,[9.999979120217136230e+11,9.999979120217143555e+11]
24637327,13000000000000,14000000000000,10000000000037,13999999999963,[1.000000163941095825e+12,1.000000163941096558e+12]
31268167,14000000000000,15000000000000,10000000000037,14999999999981,[1.000000784892632812e+12,1.000000784892633545e+12]
38210335,15000000000000,16000000000000,10000000000037,15999999999961,[9.999979336838505859e+11,9.999979336838513184e+11]
44263404,16000000000000,17000000000000,10000000000037,16999999999991,[1.000001499329322998e+12,1.000001499329323608e+12]
50815549,17000000000000,18000000000000,10000000000037,17999999999951,[9.999999537848553467e+11,9.999999537848560791e+11]
56747764,18000000000000,19000000000000,10000000000037,18999999999947,[1.000000234926640259e+12,1.000000234926640991e+12]
62298679,19000000000000,20000000000000,10000000000037,19999999999997,[9.999990220558479004e+11,9.999990220558486328e+11]
6406010,20000000000000,21000000000000,20000000000021,20999999999987,[1.000002641332482544e+12,1.000002641332483276e+12]
12341311,21000000000000,22000000000000,20000000000021,21999999999997,[9.999967263004327393e+11,9.999967263004334717e+11]
18243605,22000000000000,23000000000000,20000000000021,22999999999997,[1.000000276765363159e+12,1.000000276765363892e+12]
24126688,23000000000000,24000000000000,20000000000021,23999999999993,[9.999992625628110352e+11,9.999992625628116455e+11]
30695249,24000000000000,25000000000000,20000000000021,24999999999983,[1.000000186015088623e+12,1.000000186015089355e+12]
36654704,25000000000000,26000000000000,20000000000021,25999999999991,[1.000001577034014282e+12,1.000001577034015015e+12]
42569871,26000000000000,27000000000000,20000000000021,26999999999993,[9.999989967688498535e+11,9.999989967688505859e+11]
48933993,27000000000000,28000000000000,20000000000021,27999999999977,[9.999998957673145752e+11,9.999998957673153076e+11]
55212538,28000000000000,29000000000000,20000000000021,28999999999979,[1.000000081058412354e+12,1.000000081058413086e+12]
60915152,29000000000000,30000000000000,20000000000021,29999999999987,[1.000000761702843994e+12,1.000000761702844604e+12]
6601912,30000000000000,31000000000000,30000000000011,30999999999977,[9.999997427951567383e+11,9.999997427951574707e+11]
12487915,31000000000000,32000000000000,30000000000011,31999999999997,[1.000000092726939697e+12,1.000000092726940430e+12]
18367911,32000000000000,33000000000000,30000000000011,32999999999951,[9.999980217263686523e+11,9.999980217263693848e+11]
24251445,33000000000000,34000000000000,30000000000011,33999999999967,[9.999999581206186523e+11,9.999999581206193848e+11]
30536658,34000000000000,35000000000000,30000000000011,34999999999999,[9.999995744318740234e+11,9.999995744318746338e+11]
37079761,35000000000000,36000000000000,30000000000011,35999999999989,[9.999971802698632812e+11,9.999971802698640137e+11]
43324813,36000000000000,37000000000000,30000000000011,36999999999967,[1.000004474508958984e+12,1.000004474508959595e+12]
49338318,37000000000000,38000000000000,30000000000011,37999999999967,[1.000000742479449463e+12,1.000000742479450195e+12]
55438126,38000000000000,39000000000000,30000000000011,38999999999911,[9.999991927808875732e+11,9.999991927808881836e+11]
61079166,39000000000000,40000000000000,30000000000011,39999999999913,[9.999990224943508301e+11,9.999990224943515625e+11]
6589173,40000000000000,41000000000000,40000000000001,40999999999993,[9.999998008643376465e+11,9.999998008643382568e+11]
12807859,41000000000000,42000000000000,40000000000001,41999999999999,[1.000001554584651733e+12,1.000001554584652344e+12]
19107351,42000000000000,43000000000000,40000000000001,42999999999991,[9.999989687622966309e+11,9.999989687622973633e+11]
25399020,43000000000000,44000000000000,40000000000001,43999999999981,[1.000000173350530029e+12,1.000000173350530640e+12]
31225505,44000000000000,45000000000000,40000000000001,44999999999953,[9.999995363208450928e+11,9.999995363208458252e+11]
37053005,45000000000000,46000000000000,40000000000001,45999999999911,[9.999987300588375244e+11,9.999987300588381348e+11]
42864999,46000000000000,47000000000000,40000000000001,46999999999957,[9.999983271663619385e+11,9.999983271663625488e+11]
48680273,47000000000000,48000000000000,40000000000001,47999999999977,[1.000002499707536133e+12,1.000002499707536743e+12]
54460825,48000000000000,49000000000000,40000000000001,48999999999997,[1.000001525213714844e+12,1.000001525213715576e+12]
60156128,49000000000000,50000000000000,40000000000001,49999999999981,[9.999978934408320312e+11,9.999978934408327637e+11]
6652677,50000000000000,51000000000000,50000000000053,50999999999989,[1.000002596726287964e+12,1.000002596726288696e+12]
12974884,51000000000000,52000000000000,50000000000053,51999999999989,[9.999975305229975586e+11,9.999975305229981689e+11]
19175219,52000000000000,53000000000000,50000000000053,52999999999939,[1.000002638104192017e+12,1.000002638104192749e+12]
25606090,53000000000000,54000000000000,50000000000053,53999999999929,[9.999983129099064941e+11,9.999983129099072266e+11]
31589818,54000000000000,55000000000000,50000000000053,54999999999961,[9.999972264195941162e+11,9.999972264195947266e+11]
37432788,55000000000000,56000000000000,50000000000053,55999999999963,[1.000000841314968018e+12,1.000000841314968628e+12]
43731511,56000000000000,57000000000000,50000000000053,56999999999953,[9.999985556416342773e+11,9.999985556416350098e+11]
49867331,57000000000000,58000000000000,50000000000053,57999999999937,[9.999997238875845947e+11,9.999997238875852051e+11]
55978107,58000000000000,59000000000000,50000000000053,58999999999961,[9.999993554674405518e+11,9.999993554674411621e+11]
61534351,59000000000000,60000000000000,50000000000053,59999999999999,[1.000000972844753662e+12,1.000000972844754272e+12]
6679795,60000000000000,61000000000000,60000000000013,60999999999977,[1.000001037324720581e+12,1.000001037324721313e+12]
13099309,61000000000000,62000000000000,60000000000013,61999999999997,[9.999991138400118408e+11,9.999991138400125732e+11]
19390977,62000000000000,63000000000000,60000000000013,62999999999969,[1.000002945403259155e+12,1.000002945403259888e+12]
25679820,63000000000000,64000000000000,60000000000013,63999999999997,[9.999979625963707275e+11,9.999979625963714600e+11]
31478684,64000000000000,65000000000000,60000000000013,64999999999999,[9.999995051975618896e+11,9.999995051975626221e+11]
37273207,65000000000000,66000000000000,60000000000013,65999999999933,[1.000001252546163696e+12,1.000001252546164429e+12]
43068548,66000000000000,67000000000000,60000000000013,66999999999991,[1.000000210236998535e+12,1.000000210236999146e+12]
48869057,67000000000000,68000000000000,60000000000013,67999999999973,[9.999991055736628418e+11,9.999991055736634521e+11]
54668006,68000000000000,69000000000000,60000000000013,68999999999989,[1.000001778404704346e+12,1.000001778404704956e+12]
60344902,69000000000000,70000000000000,60000000000013,69999999999971,[1.000001108252788452e+12,1.000001108252789185e+12]
6770509,70000000000000,71000000000000,70000000000009,70999999999963,[9.999994052875712891e+11,9.999994052875720215e+11]
12950748,71000000000000,72000000000000,70000000000009,71999999999959,[1.000003003030490479e+12,1.000003003030491211e+12]
19309216,72000000000000,73000000000000,70000000000009,72999999999973,[9.999969129702749023e+11,9.999969129702755127e+11]
25540321,73000000000000,74000000000000,70000000000009,73999999999987,[9.999968858423588867e+11,9.999968858423596191e+11]
31304543,74000000000000,75000000000000,70000000000009,74999999999987,[9.999996026792655029e+11,9.999996026792661133e+11]
37062425,75000000000000,76000000000000,70000000000009,75999999999949,[1.000000401750175049e+12,1.000000401750175659e+12]
42820088,76000000000000,77000000000000,70000000000009,76999999999969,[1.000000606084408325e+12,1.000000606084409058e+12]
48620747,77000000000000,78000000000000,70000000000009,77999999999983,[9.999995845316594238e+11,9.999995845316600342e+11]
54382104,78000000000000,79000000000000,70000000000009,78999999999953,[1.000000767877693604e+12,1.000000767877694336e+12]
60037337,79000000000000,80000000000000,70000000000009,79999999999993,[9.999986743945314941e+11,9.999986743945325928e+11]
6324730,80000000000000,81000000000000,80000000000027,80999999999987,[1.000002369118856445e+12,1.000002369118857666e+12]
12059063,81000000000000,82000000000000,80000000000027,81999999999997,[9.999981568238281250e+11,9.999981568238293457e+11]
17793275,82000000000000,83000000000000,80000000000027,82999999999927,[1.000002308895277588e+12,1.000002308895278687e+12]
23528700,83000000000000,84000000000000,80000000000027,83999999999987,[9.999948659353818359e+11,9.999948659353829346e+11]
29541002,84000000000000,85000000000000,80000000000027,84999999999977,[9.999992353389404297e+11,9.999992353389415283e+11]
35520713,85000000000000,86000000000000,80000000000027,85999999999993,[1.000000372948807617e+12,1.000000372948808838e+12]
41776608,86000000000000,87000000000000,80000000000027,86999999999981,[1.000000289401034302e+12,1.000000289401035522e+12]
47917371,87000000000000,88000000000000,80000000000027,87999999999997,[1.000000123606813843e+12,1.000000123606815063e+12]
54223662,88000000000000,89000000000000,80000000000027,88999999999973,[1.000000034641179321e+12,1.000000034641180420e+12]
59830596,89000000000000,90000000000000,80000000000027,89999999999993,[1.000001583826644409e+12,1.000001583826645508e+12]
6634747,90000000000000,91000000000000,90000000000077,90999999999913,[1.000001095373022827e+12,1.000001095373023926e+12]
12858768,91000000000000,92000000000000,90000000000077,91999999999997,[9.999995228829624023e+11,9.999995228829635010e+11]
19123621,92000000000000,93000000000000,90000000000077,92999999999993,[1.000001282894351562e+12,1.000001282894352661e+12]
25135542,93000000000000,94000000000000,90000000000077,93999999999991,[1.000001967729644897e+12,1.000001967729646118e+12]
30865163,94000000000000,95000000000000,90000000000077,94999999999997,[9.999974156336087646e+11,9.999974156336098633e+11]
36566967,95000000000000,96000000000000,90000000000077,95999999999999,[9.999996754378780518e+11,9.999996754378791504e+11]
42276379,96000000000000,97000000000000,90000000000077,96999999999979,[1.000000847110184814e+12,1.000000847110185913e+12]
47996406,97000000000000,98000000000000,90000000000077,97999999999987,[9.999991506048948975e+11,9.999991506048959961e+11]
53697726,98000000000000,99000000000000,90000000000077,98999999999951,[1.000000554833772339e+12,1.000000554833773438e+12]
59348572,99000000000000,100000000000000,90000000000077,99999999999973,[9.999995593515783691e+11,9.999995593515794678e+11]
83861913,100000000000000,110000000000000,100000000000031,109999999999961,[1.000000028167517188e+13,1.000000028167518555e+13]
87240521,110000000000000,120000000000000,110000000000027,119999999999947,[9.999998127814068359e+12,9.999998127814080078e+12]
86821751,120000000000000,130000000000000,120000000000031,129999999999973,[9.999995337552330078e+12,9.999995337552341797e+12]
87828931,130000000000000,140000000000000,130000000000063,139999999999987,[1.000000787964774219e+13,1.000000787964775391e+13]
86561604,140000000000000,150000000000000,140000000000023,149999999999977,[9.999990024673753906e+12,9.999990024673765625e+12]
85875697,150000000000000,160000000000000,150000000000007,159999999999997,[1.000000478318776172e+13,1.000000478318777344e+13]
86238417,160000000000000,170000000000000,160000000000069,169999999999897,[1.000000415289386719e+13,1.000000415289387891e+13]
86271242,170000000000000,180000000000000,170000000000041,179999999999971,[9.999999069181685547e+12,9.999999069181699219e+12]
86817822,180000000000000,190000000000000,180000000000031,189999999999989,[9.999992975389550781e+12,9.999992975389562500e+12]
85793338,190000000000000,200000000000000,190000000000007,199999999999997,[1.000000027050457227e+13,1.000000027050458594e+13]
86768261,200000000000000,210000000000000,200000000000027,209999999999989,[9.999995810646195312e+12,9.999995810646208984e+12]
87126460,210000000000000,220000000000000,210000000000023,219999999999953,[1.000000365827580469e+13,1.000000365827581836e+13]
86139876,220000000000000,230000000000000,220000000000007,229999999999961,[1.000000076356029297e+13,1.000000076356030469e+13]
86224601,230000000000000,240000000000000,230000000000003,239999999999911,[1.000000346581651172e+13,1.000000346581652344e+13]
86635804,240000000000000,250000000000000,240000000000017,249999999999977,[9.999999046362142578e+12,9.999999046362154297e+12]
85667830,250000000000000,260000000000000,250000000000043,259999999999963,[9.999999206378992188e+12,9.999999206379003906e+12]
84383038,260000000000000,270000000000000,260000000000011,269999999999957,[9.999996734209468750e+12,9.999996734209480469e+12]
85768894,270000000000000,280000000000000,270000000000061,279999999999977,[9.999994672797003906e+12,9.999994672797015625e+12]
84892865,280000000000000,290000000000000,280000000000033,289999999999981,[1.000000780746784570e+13,1.000000780746785938e+13]
84750372,290000000000000,300000000000000,290000000000017,299999999999989,[1.000000206096441797e+13,1.000000206096442969e+13]
84064051,300000000000000,310000000000000,300000000000089,309999999999979,[9.999995916886511719e+12,9.999995916886523438e+12]
84554286,310000000000000,320000000000000,310000000000013,319999999999961,[1.000000226991925781e+13,1.000000226991926953e+13]
86747583,320000000000000,330000000000000,320000000000029,329999999999987,[9.999995923517773438e+12,9.999995923517785156e+12]
85513089,330000000000000,340000000000000,330000000000023,339999999999967,[9.999997704217105469e+12,9.999997704217119141e+12]
84885856,340000000000000,350000000000000,340000000000007,349999999999999,[9.999996130359919922e+12,9.999996130359931641e+12]
82737727,350000000000000,360000000000000,350000000000009,359999999999953,[9.999999854052416016e+12,9.999999854052429688e+12]
85242312,360000000000000,370000000000000,360000000000023,369999999999991,[1.000000185987559375e+13,1.000000185987560547e+13]
85238314,370000000000000,380000000000000,370000000000063,379999999999967,[1.000000369050865234e+13,1.000000369050866602e+13]
84177922,380000000000000,390000000000000,380000000000017,389999999999983,[1.000000205903260547e+13,1.000000205903261914e+13]
85293446,390000000000000,400000000000000,390000000000029,399999999999997,[1.000000018628490430e+13,1.000000018628491602e+13]
85476129,400000000000000,410000000000000,400000000000063,409999999999979,[1.000000136969991016e+13,1.000000136969992188e+13]
85666304,410000000000000,420000000000000,410000000000047,419999999999989,[9.999997829953126953e+12,9.999997829953140625e+12]
85735683,420000000000000,430000000000000,420000000000001,429999999999991,[9.999999007010830078e+12,9.999999007010841797e+12]
85179793,430000000000000,440000000000000,430000000000057,439999999999969,[1.000000275373039258e+13,1.000000275373040430e+13]
87208924,440000000000000,450000000000000,440000000000107,449999999999987,[1.000000260170747266e+13,1.000000260170748438e+13]
85726285,450000000000000,460000000000000,450000000000043,459999999999941,[9.999991168275730469e+12,9.999991168275744141e+12]
84970956,460000000000000,470000000000000,460000000000003,469999999999991,[1.000000207060286133e+13,1.000000207060287500e+13]
85587724,470000000000000,480000000000000,470000000000023,479999999999921,[9.999987774080666016e+12,9.999987774080677734e+12]
85002448,480000000000000,490000000000000,480000000000047,489999999999967,[1.000000133726894141e+13,1.000000133726895312e+13]
85418975,490000000000000,500000000000000,490000000000013,499999999999999,[1.000000581062515625e+13,1.000000581062516992e+13]
85353006,500000000000000,510000000000000,500000000000057,509999999999981,[1.000000494152978125e+13,1.000000494152979297e+13]
85319390,510000000000000,520000000000000,510000000000067,519999999999971,[9.999998186603402344e+12,9.999998186603414062e+12]
86337782,520000000000000,530000000000000,520000000000073,529999999999999,[9.999995113504710938e+12,9.999995113504722656e+12]
86896498,530000000000000,540000000000000,530000000000011,539999999999989,[1.000000449068653906e+13,1.000000449068655078e+13]
86497395,540000000000000,550000000000000,540000000000023,549999999999953,[9.999997044538386719e+12,9.999997044538400391e+12]
85460942,550000000000000,560000000000000,550000000000019,559999999999927,[1.000000117747392969e+13,1.000000117747394141e+13]
84357729,560000000000000,570000000000000,560000000000003,569999999999959,[9.999993844252242188e+12,9.999993844252255859e+12]
85384388,570000000000000,580000000000000,570000000000029,579999999999977,[1.000000110934315820e+13,1.000000110934316992e+13]
84926462,580000000000000,590000000000000,580000000000019,589999999999979,[1.000001108441102930e+13,1.000001108441104297e+13]
84984788,590000000000000,600000000000000,590000000000011,599999999999941,[1.000000259844751953e+13,1.000000259844753125e+13]
85255629,600000000000000,610000000000000,600000000000073,609999999999997,[1.000000200982257617e+13,1.000000200982258789e+13]
83975508,610000000000000,620000000000000,610000000000033,619999999999999,[9.999997982614193359e+12,9.999997982614205078e+12]
85081817,620000000000000,630000000000000,620000000000027,629999999999969,[9.999995442825837891e+12,9.999995442825851562e+12]
83016707,630000000000000,640000000000000,630000000000013,639999999999961,[9.999995522351500000e+12,9.999995522351511719e+12]
84377586,640000000000000,650000000000000,640000000000033,649999999999957,[1.000000033728211133e+13,1.000000033728212500e+13]
83539241,650000000000000,660000000000000,650000000000003,659999999999993,[9.999999418628658203e+12,9.999999418628669922e+12]
83454888,660000000000000,670000000000000,660000000000023,669999999999971,[9.999995736323197266e+12,9.999995736323208984e+12]
84331919,670000000000000,680000000000000,670000000000031,679999999999993,[1.000000871985690039e+13,1.000000871985691211e+13]
84490778,680000000000000,690000000000000,680000000000003,689999999999971,[9.999994087345291016e+12,9.999994087345302734e+12]
83948106,690000000000000,700000000000000,690000000000007,699999999999991,[9.999999019634832031e+12,9.999999019634843750e+12]
84220632,700000000000000,710000000000000,700000000000051,709999999999999,[9.999993048654027344e+12,9.999993048654041016e+12]
84359161,710000000000000,720000000000000,710000000000023,719999999999999,[1.000000880296782812e+13,1.000000880296783984e+13]
84069137,720000000000000,730000000000000,720000000000011,729999999999997,[9.999997297118355469e+12,9.999997297118367188e+12]
84350376,730000000000000,740000000000000,730000000000027,739999999999999,[1.000000091202534180e+13,1.000000091202535352e+13]
84296133,740000000000000,750000000000000,740000000000021,749999999999981,[1.000000872813057812e+13,1.000000872813058984e+13]
84053886,750000000000000,760000000000000,750000000000037,759999999999949,[9.999996766340619141e+12,9.999996766340630859e+12]
84487988,760000000000000,770000000000000,760000000000009,769999999999991,[9.999995209430005859e+12,9.999995209430019531e+12]
84627163,770000000000000,780000000000000,770000000000017,779999999999951,[9.999993194040419922e+12,9.999993194040431641e+12]
83775914,780000000000000,790000000000000,780000000000007,789999999999997,[9.999999729670757812e+12,9.999999729670771484e+12]
84037620,790000000000000,800000000000000,790000000000009,799999999999943,[9.999999105125937500e+12,9.999999105125949219e+12]
84978464,800000000000000,810000000000000,800000000000017,809999999999933,[1.000000542424614258e+13,1.000000542424615430e+13]
84900586,810000000000000,820000000000000,810000000000047,819999999999967,[9.999996230534912109e+12,9.999996230534923828e+12]
84929491,820000000000000,830000000000000,820000000000039,829999999999991,[1.000000587823467578e+13,1.000000587823468750e+13]
84758149,830000000000000,840000000000000,830000000000051,839999999999929,[1.000000058847094141e+13,1.000000058847095312e+13]
84890819,840000000000000,850000000000000,840000000000089,849999999999841,[9.999997962001810547e+12,9.999997962001822266e+12]
84708973,850000000000000,860000000000000,850000000000007,859999999999981,[9.999999872892724609e+12,9.999999872892736328e+12]
83810253,860000000000000,870000000000000,860000000000017,869999999999957,[9.999998093391542969e+12,9.999998093391554688e+12]
82783724,870000000000000,880000000000000,870000000000011,879999999999929,[9.999997375196632812e+12,9.999997375196644531e+12]
84528312,880000000000000,890000000000000,880000000000019,889999999999991,[9.999997633706025391e+12,9.999997633706039062e+12]
84520935,890000000000000,900000000000000,890000000000063,899999999999983,[9.999997647182673828e+12,9.999997647182685547e+12]
84134337,900000000000000,910000000000000,900000000000019,909999999999943,[1.000000501333988477e+13,1.000000501333989844e+13]
81672520,910000000000000,920000000000000,910000000000051,919999999999999,[9.999999178643835938e+12,9.999999178643847656e+12]
83570853,920000000000000,930000000000000,920000000000051,929999999999869,[1.000000005362114648e+13,1.000000005362116016e+13]
60474442,930000000000000,940000000000000,930000000000011,939999999999979,[1.000000375340981055e+13,1.000000375340982227e+13]
59012493,940000000000000,950000000000000,940000000000007,949999999999987,[1.000000017800309961e+13,1.000000017800311133e+13]
59219489,950000000000000,960000000000000,950000000000021,959999999999959,[1.000000307286636523e+13,1.000000307286637891e+13]
58705748,960000000000000,970000000000000,960000000000023,969999999999997,[9.999997311804294922e+12,9.999997311804308594e+12]
61041834,970000000000000,980000000000000,970000000000067,979999999999997,[1.000000948510722070e+13,1.000000948510723438e+13]
59074108,980000000000000,990000000000000,980000000000041,989999999999993,[9.999990502539125000e+12,9.999990502539138672e+12]
57934793,990000000000000,1000000000000000,990000000000017,999999999999989,[9.999995816631861328e+12,9.999995816631875000e+12]
