91784,0,1e+10,2,1e+10,[9.999939830657751083e+09,9.999939830657764435e+09]
176875,0,2e+10,2,2e+10,[1.999982176276819611e+10,1.999982176276823044e+10]
262155,0,3e+10,2,3e+10,[2.999977211981539536e+10,2.999977211981544876e+10]
347167,0,4e+10,2,4e+10,[3.999980834877571106e+10,3.999980834877579498e+10]
431556,0,5e+10,2,5e+10,[4.999972838073184967e+10,4.999972838073195648e+10]
516805,0,6e+10,2,6e+10,[5.999977257755071259e+10,5.999977257755084229e+10]
596590,0,7e+10,2,7e+10,[6.999976994420385742e+10,6.999976994420402527e+10]
678586,0,8e+10,2,8e+10,[7.999971835719555664e+10,7.999971835719577026e+10]
761082,0,9e+10,2,9e+10,[8.999964465609078979e+10,8.999964465609104919e+10]
845127,0,1e+11,2,1e+11,[9.999973765310729980e+10,9.999973765310760498e+10]
926863,0,1.1e+11,2,1.1e+11,[1.099994832546366119e+11,1.099994832546369629e+11]
1.00981e+06,0,1.2e+11,2,1.2e+11,[1.199995435809144897e+11,1.199995435809148865e+11]
1.09462e+06,0,1.3e+11,2,1.3e+11,[1.299997788549684906e+11,1.299997788549689178e+11]
1.17728e+06,0,1.4e+11,2,1.4e+11,[1.399996293518703613e+11,1.399996293518708496e+11]
1.25774e+06,0,1.5e+11,2,1.5e+11,[1.499997192801348877e+11,1.499997192801354370e+11]
1.33721e+06,0,1.6e+11,2,1.6e+11,[1.599995961084118958e+11,1.599995961084125061e+11]
1.41803e+06,0,1.7e+11,2,1.7e+11,[1.699994844132838440e+11,1.699994844132845154e+11]
1.49863e+06,0,1.8e+11,2,1.8e+11,[1.799996593054568787e+11,1.799996593054576416e+11]
1.57934e+06,0,1.9e+11,2,1.9e+11,[1.899994999461063538e+11,1.899994999461072083e+11]
1.6584e+06,0,2e+11,2,2e+11,[1.999996954842460022e+11,1.999996954842469177e+11]
1.73937e+06,0,2.1e+11,2,2.1e+11,[2.099995890436634521e+11,2.099995890436644287e+11]
1.81981e+06,0,2.2e+11,2,2.2e+11,[2.199995387732069397e+11,2.199995387732079773e+11]
1.90048e+06,0,2.3e+11,2,2.3e+11,[2.299994451943693237e+11,2.299994451943704224e+11]
1.98128e+06,0,2.4e+11,2,2.4e+11,[2.399997358362993164e+11,2.399997358363004761e+11]
2.06195e+06,0,2.5e+11,2,2.5e+11,[2.499993836844651184e+11,2.499993836844663391e+11]
2.14253e+06,0,2.6e+11,2,2.6e+11,[2.599994364219320679e+11,2.599994364219333496e+11]
2.22309e+06,0,2.7e+11,2,2.7e+11,[2.699993875575122070e+11,2.699993875575135498e+11]
2.30106e+06,0,2.8e+11,2,2.8e+11,[2.799993758378993530e+11,2.799993758379008179e+11]
2.38035e+06,0,2.9e+11,2,2.9e+11,[2.899993581924979248e+11,2.899993581924995117e+11]
2.45859e+06,0,3e+11,2,3e+11,[2.999994231799944458e+11,2.999994231799961548e+11]
2.53802e+06,0,3.1e+11,2,3.1e+11,[3.099994253075577393e+11,3.099994253075595703e+11]
2.61552e+06,0,3.2e+11,2,3.2e+11,[3.199994601568168945e+11,3.199994601568188477e+11]
2.69155e+06,0,3.3e+11,2,3.3e+11,[3.299997173387946777e+11,3.299997173387967529e+11]
2.76827e+06,0,3.4e+11,2,3.4e+11,[3.399996457364081421e+11,3.399996457364104004e+11]
2.84377e+06,0,3.5e+11,2,3.5e+11,[3.499995250389204712e+11,3.499995250389228516e+11]
2.92372e+06,0,3.6e+11,2,3.6e+11,[3.599995325935929565e+11,3.599995325935954590e+11]
3.00143e+06,0,3.7e+11,2,3.7e+11,[3.699994495693580322e+11,3.699994495693606567e+11]
3.0793e+06,0,3.8e+11,2,3.8e+11,[3.799994619090112305e+11,3.799994619090140381e+11]
3.15828e+06,0,3.9e+11,2,3.9e+11,[3.899992954915345459e+11,3.899992954915374756e+11]
3.2356e+06,0,4e+11,2,4e+11,[3.999991011963071899e+11,3.999991011963102417e+11]
3.31499e+06,0,4.1e+11,2,4.1e+11,[4.099992665867976685e+11,4.099992665868008423e+11]
3.39462e+06,0,4.2e+11,2,4.2e+11,[4.199992051900682373e+11,4.199992051900715332e+11]
3.47153e+06,0,4.3e+11,2,4.3e+11,[4.299992176985588989e+11,4.299992176985623169e+11]
3.55192e+06,0,4.4e+11,2,4.4e+11,[4.399994546692740479e+11,4.399994546692775879e+11]
3.62943e+06,0,4.5e+11,2,4.5e+11,[4.499993827443440552e+11,4.499993827443477173e+11]
3.70579e+06,0,4.6e+11,2,4.6e+11,[4.599993498380543823e+11,4.599993498380582275e+11]
3.78465e+06,0,4.7e+11,2,4.7e+11,[4.699993760021113892e+11,4.699993760021154175e+11]
3.86311e+06,0,4.8e+11,2,4.8e+11,[4.799991086726698608e+11,4.799991086726740112e+11]
3.93942e+06,0,4.9e+11,2,4.9e+11,[4.899991906204411011e+11,4.899991906204453735e+11]
4.01684e+06,0,5e+11,2,5e+11,[4.999991057425813599e+11,4.999991057425857544e+11]
4.09211e+06,0,5.1e+11,2,5.1e+11,[5.099992785114535522e+11,5.099992785114580688e+11]
4.17099e+06,0,5.2e+11,2,5.2e+11,[5.199992737446711426e+11,5.199992737446757812e+11]
4.2492e+06,0,5.3e+11,2,5.3e+11,[5.299993732319751587e+11,5.299993732319799805e+11]
4.32829e+06,0,5.4e+11,2,5.4e+11,[5.399994942241380615e+11,5.399994942241430054e+11]
4.40862e+06,0,5.5e+11,2,5.5e+11,[5.499993210904002686e+11,5.499993210904055176e+11]
4.48634e+06,0,5.6e+11,2,5.6e+11,[5.599994244694570312e+11,5.599994244694625244e+11]
4.56426e+06,0,5.7e+11,2,5.7e+11,[5.699993339951651611e+11,5.699993339951708984e+11]
4.64187e+06,0,5.8e+11,2,5.8e+11,[5.799993086417757568e+11,5.799993086417817383e+11]
4.71905e+06,0,5.9e+11,2,5.9e+11,[5.899991712027019043e+11,5.899991712027081299e+11]
4.79592e+06,0,6e+11,2,6e+11,[5.999992505714335938e+11,5.999992505714400635e+11]
4.87238e+06,0,6.1e+11,2,6.1e+11,[6.099991114710760498e+11,6.099991114710827637e+11]
4.94827e+06,0,6.2e+11,2,6.2e+11,[6.199990702257127686e+11,6.199990702257197266e+11]
5.02529e+06,0,6.3e+11,2,6.3e+11,[6.299991129276341553e+11,6.299991129276413574e+11]
5.10279e+06,0,6.4e+11,2,6.4e+11,[6.399989882663339844e+11,6.399989882663414307e+11]
5.17886e+06,0,6.5e+11,2,6.5e+11,[6.499990496812767334e+11,6.499990496812844238e+11]
5.25549e+06,0,6.6e+11,2,6.6e+11,[6.599989601827304688e+11,6.599989601827384033e+11]
5.33257e+06,0,6.7e+11,2,6.7e+11,[6.699990684395941162e+11,6.699990684396022949e+11]
5.41004e+06,0,6.8e+11,2,6.8e+11,[6.799991971506296387e+11,6.799991971506380615e+11]
5.48448e+06,0,6.9e+11,2,6.9e+11,[6.899989631009211426e+11,6.899989631009298096e+11]
5.56182e+06,0,7e+11,2,7e+11,[6.999989994998411865e+11,6.999989994998500977e+11]
5.637e+06,0,7.1e+11,2,7.1e+11,[7.099990885599365234e+11,7.099990885599456787e+11]
5.71361e+06,0,7.2e+11,2,7.2e+11,[7.199987366391278076e+11,7.199987366391373291e+11]
5.78947e+06,0,7.3e+11,2,7.3e+11,[7.299989545039290771e+11,7.299989545039388428e+11]
5.86513e+06,0,7.4e+11,2,7.4e+11,[7.399989908481035156e+11,7.399989908481135254e+11]
5.94228e+06,0,7.5e+11,2,7.5e+11,[7.499992973959218750e+11,7.499992973959321289e+11]
6.01896e+06,0,7.6e+11,2,7.6e+11,[7.599992604777344971e+11,7.599992604777449951e+11]
6.09598e+06,0,7.7e+11,2,7.7e+11,[7.699993649538990479e+11,7.699993649539097900e+11]
6.17199e+06,0,7.8e+11,2,7.8e+11,[7.799994543945270996e+11,7.799994543945380859e+11]
6.24939e+06,0,7.9e+11,2,7.9e+11,[7.899990856493204346e+11,7.899990856493317871e+11]
6.32612e+06,0,8e+11,2,8e+11,[7.999991337760791016e+11,7.999991337760906982e+11]
6.40333e+06,0,8.1e+11,2,8.1e+11,[8.099992253634366455e+11,8.099992253634484863e+11]
6.48118e+06,0,8.2e+11,2,8.2e+11,[8.199993842625595703e+11,8.199993842625716553e+11]
6.55889e+06,0,8.3e+11,2,8.3e+11,[8.299992853586149902e+11,8.299992853586273193e+11]
6.63651e+06,0,8.4e+11,2,8.4e+11,[8.399991932369763184e+11,8.399991932369888916e+11]
6.7139e+06,0,8.5e+11,2,8.5e+11,[8.499992324873438721e+11,8.499992324873566895e+11]
6.79097e+06,0,8.6e+11,2,8.6e+11,[8.599992683172584229e+11,8.599992683172714844e+11]
6.86506e+06,0,8.7e+11,2,8.7e+11,[8.699990932069873047e+11,8.699990932070006104e+11]
6.94316e+06,0,8.8e+11,2,8.8e+11,[8.799991677859511719e+11,8.799991677859647217e+11]
7.01885e+06,0,8.9e+11,2,8.9e+11,[8.899990492547988281e+11,8.899990492548126221e+11]
7.09489e+06,0,9e+11,2,9e+11,[8.999988186289453125e+11,8.999988186289593506e+11]
7.17244e+06,0,9.1e+11,2,9.1e+11,[9.099989420463430176e+11,9.099989420463572998e+11]
7.25006e+06,0,9.2e+11,2,9.2e+11,[9.199990643733797607e+11,9.199990643733942871e+11]
7.32583e+06,0,9.3e+11,2,9.3e+11,[9.299988492890812988e+11,9.299988492890960693e+11]
7.40364e+06,0,9.4e+11,2,9.4e+11,[9.399989217678065186e+11,9.399989217678215332e+11]
7.47717e+06,0,9.5e+11,2,9.5e+11,[9.499991657452899170e+11,9.499991657453051758e+11]
7.52861e+06,0,9.6e+11,2,9.6e+11,[9.599991690217567139e+11,9.599991690217722168e+11]
7.58004e+06,0,9.7e+11,2,9.7e+11,[9.699989696105307617e+11,9.699989696105465088e+11]
7.63145e+06,0,9.8e+11,2,9.8e+11,[9.799989587255192871e+11,9.799989587255352783e+11]
7.68285e+06,0,9.9e+11,2,9.9e+11,[9.899990406117550049e+11,9.899990406117712402e+11]
7.73425e+06,0,1e+12,2,1e+12,[9.999990303330882568e+11,9.999990303331047363e+11]
1.45423e+07,0,2e+12,2,2e+12,[1.999998755521462158e+12,1.999998755521479736e+12]
2.12679e+07,0,3e+12,2,3e+12,[2.999997819758978516e+12,2.999997819758997559e+12]
2.77734e+07,0,4e+12,2,4e+12,[3.999998370195707520e+12,3.999998370195728027e+12]
3.39086e+07,0,5e+12,2,5e+12,[4.999998073643700195e+12,4.999998073643723633e+12]
3.99888e+07,0,6e+12,2,6e+12,[5.999997276726864258e+12,5.999997276726890625e+12]
4.60845e+07,0,7e+12,2,7e+12,[6.999996936360151367e+12,6.999996936360180664e+12]
5.21668e+07,0,8e+12,2,8e+12,[7.999997864671368164e+12,7.999997864671399414e+12]
5.81968e+07,0,9e+12,2,9e+12,[8.999996425300226562e+12,8.999996425300263672e+12]
6.37261e+07,0,1e+13,2,1e+13,[9.999996988293013672e+12,9.999996988293056641e+12]
6.68097e+06,0,1.1e+13,1e+13,1.1e+13,[1.099999688115789258e+13,1.099999688115793945e+13]
1.26559e+07,0,1.2e+13,1e+13,1.2e+13,[1.199999762144624219e+13,1.199999762144629297e+13]
1.86429e+07,0,1.3e+13,1e+13,1.3e+13,[1.299999553346795312e+13,1.299999553346800977e+13]
2.46373e+07,0,1.4e+13,1e+13,1.4e+13,[1.399999569740904688e+13,1.399999569740910742e+13]
3.12682e+07,0,1.5e+13,1e+13,1.5e+13,[1.499999648230167773e+13,1.499999648230174219e+13]
3.82103e+07,0,1.6e+13,1e+13,1.6e+13,[1.599999441598552539e+13,1.599999441598559570e+13]
4.42634e+07,0,1.7e+13,1e+13,1.7e+13,[1.699999591531484570e+13,1.699999591531492188e+13]
5.08155e+07,0,1.8e+13,1e+13,1.8e+13,[1.799999586909969531e+13,1.799999586909978125e+13]
5.67478e+07,0,1.9e+13,1e+13,1.9e+13,[1.899999610402633203e+13,1.899999610402642578e+13]
6.22987e+07,0,2e+13,1e+13,2e+13,[1.999999512608217578e+13,1.999999512608227734e+13]
6.40601e+06,0,2.1e+13,2e+13,2.1e+13,[2.099999776741465625e+13,2.099999776741476562e+13]
1.23413e+07,0,2.2e+13,2e+13,2.2e+13,[2.199999449371508594e+13,2.199999449371520312e+13]
1.82436e+07,0,2.3e+13,2e+13,2.3e+13,[2.299999477048044531e+13,2.299999477048057031e+13]
2.41267e+07,0,2.4e+13,2e+13,2.4e+13,[2.399999403304325391e+13,2.399999403304338672e+13]
3.06952e+07,0,2.5e+13,2e+13,2.5e+13,[2.499999421905833984e+13,2.499999421905848047e+13]
3.66547e+07,0,2.6e+13,2e+13,2.6e+13,[2.599999579609235156e+13,2.599999579609250000e+13]
4.25699e+07,0,2.7e+13,2e+13,2.7e+13,[2.699999479286119922e+13,2.699999479286135547e+13]
4.8934e+07,0,2.8e+13,2e+13,2.8e+13,[2.799999468862851172e+13,2.799999468862867578e+13]
5.52125e+07,0,2.9e+13,2e+13,2.9e+13,[2.899999476968692188e+13,2.899999476968709375e+13]
6.09152e+07,0,3e+13,2e+13,3e+13,[2.999999553138976172e+13,2.999999553138994141e+13]
6.60191e+06,0,3.1e+13,3e+13,3.1e+13,[3.099999527418491406e+13,3.099999527418510156e+13]
1.24879e+07,0,3.2e+13,3e+13,3.2e+13,[3.199999536691185156e+13,3.199999536691204688e+13]
1.83679e+07,0,3.3e+13,3e+13,3.3e+13,[3.299999338863821484e+13,3.299999338863842188e+13]
2.42514e+07,0,3.4e+13,3e+13,3.4e+13,[3.399999334675882812e+13,3.399999334675904688e+13]
3.05367e+07,0,3.5e+13,3e+13,3.5e+13,[3.499999292119069922e+13,3.499999292119092578e+13]
3.70798e+07,0,3.6e+13,3e+13,3.6e+13,[3.599999010146055469e+13,3.599999010146079688e+13]
4.33248e+07,0,3.7e+13,3e+13,3.7e+13,[3.699999457596950781e+13,3.699999457596976562e+13]
4.93383e+07,0,3.8e+13,3e+13,3.8e+13,[3.799999531844895312e+13,3.799999531844922656e+13]
5.54381e+07,0,3.9e+13,3e+13,3.9e+13,[3.899999451122983594e+13,3.899999451123012500e+13]
6.10792e+07,0,4e+13,3e+13,4e+13,[3.999999353372417969e+13,3.999999353372448438e+13]
6.58917e+06,0,4.1e+13,4e+13,4.1e+13,[4.099999333458850781e+13,4.099999333458882812e+13]
1.28079e+07,0,4.2e+13,4e+13,4.2e+13,[4.199999488917314844e+13,4.199999488917349219e+13]
1.91074e+07,0,4.3e+13,4e+13,4.3e+13,[4.299999385793543750e+13,4.299999385793579688e+13]
2.5399e+07,0,4.4e+13,4e+13,4.4e+13,[4.399999403128596094e+13,4.399999403128633594e+13]
3.12255e+07,0,4.5e+13,4e+13,4.5e+13,[4.499999356760679688e+13,4.499999356760718750e+13]
3.7053e+07,0,4.6e+13,4e+13,4.6e+13,[4.599999229766562500e+13,4.599999229766603125e+13]
4.2865e+07,0,4.7e+13,4e+13,4.7e+13,[4.699999062483197656e+13,4.699999062483239844e+13]
4.86803e+07,0,4.8e+13,4e+13,4.8e+13,[4.799999312453950781e+13,4.799999312453994531e+13]
5.44608e+07,0,4.9e+13,4e+13,4.9e+13,[4.899999464975321094e+13,4.899999464975367188e+13]
6.01561e+07,0,5e+13,4e+13,5e+13,[4.999999254319403906e+13,4.999999254319451562e+13]
6.65268e+06,0,5.1e+13,5e+13,5.1e+13,[5.099999513992032031e+13,5.099999513992081250e+13]
1.29749e+07,0,5.2e+13,5e+13,5.2e+13,[5.199999267044331250e+13,5.199999267044382031e+13]
1.91752e+07,0,5.3e+13,5e+13,5.3e+13,[5.299999530854750000e+13,5.299999530854802344e+13]
2.56061e+07,0,5.4e+13,5e+13,5.4e+13,[5.399999362145739844e+13,5.399999362145793750e+13]
3.15898e+07,0,5.5e+13,5e+13,5.5e+13,[5.499999084787698438e+13,5.499999084787753906e+13]
3.74328e+07,0,5.6e+13,5e+13,5.6e+13,[5.599999168919194531e+13,5.599999168919251562e+13]
4.37315e+07,0,5.7e+13,5e+13,5.7e+13,[5.699999024483357031e+13,5.699999024483415625e+13]
4.98673e+07,0,5.8e+13,5e+13,5.8e+13,[5.799998996872114844e+13,5.799998996872175000e+13]
5.59781e+07,0,5.9e+13,5e+13,5.9e+13,[5.899998932418857812e+13,5.899998932418919531e+13]
6.15344e+07,0,6e+13,5e+13,6e+13,[5.999999029703332031e+13,5.999999029703396094e+13]
6.6798e+06,0,6.1e+13,6e+13,6.1e+13,[6.099999133435803125e+13,6.099999133435868750e+13]
1.30993e+07,0,6.2e+13,6e+13,6.2e+13,[6.199999044819803906e+13,6.199999044819871094e+13]
1.9391e+07,0,6.3e+13,6e+13,6.3e+13,[6.299999339360128906e+13,6.299999339360197656e+13]
2.56798e+07,0,6.4e+13,6e+13,6.4e+13,[6.399999135619764844e+13,6.399999135619835938e+13]
3.14787e+07,0,6.5e+13,6e+13,6.5e+13,[6.499999086139520312e+13,6.499999086139592969e+13]
3.72732e+07,0,6.6e+13,6e+13,6.6e+13,[6.599999211394135938e+13,6.599999211394210156e+13]
4.30685e+07,0,6.7e+13,6e+13,6.7e+13,[6.699999232417835156e+13,6.699999232417910938e+13]
4.88691e+07,0,6.8e+13,6e+13,6.8e+13,[6.799999142975200781e+13,6.799999142975278125e+13]
5.4668e+07,0,6.9e+13,6e+13,6.9e+13,[6.899999320815670312e+13,6.899999320815749219e+13]
6.03449e+07,0,7e+13,6e+13,7e+13,[6.999999431640948438e+13,6.999999431641028906e+13]
6.77051e+06,0,7.1e+13,7e+13,7.1e+13,[7.099999372169704688e+13,7.099999372169787500e+13]
1.29507e+07,0,7.2e+13,7e+13,7.2e+13,[7.199999672472751562e+13,7.199999672472837500e+13]
1.93092e+07,0,7.3e+13,7e+13,7.3e+13,[7.299999363769778125e+13,7.299999363769867188e+13]
2.55403e+07,0,7.4e+13,7e+13,7.4e+13,[7.399999052354012500e+13,7.399999052354104688e+13]
3.13045e+07,0,7.5e+13,7e+13,7.5e+13,[7.499999012621937500e+13,7.499999012622032812e+13]
3.70624e+07,0,7.6e+13,7e+13,7.6e+13,[7.599999052796953125e+13,7.599999052797051562e+13]
4.28201e+07,0,7.7e+13,7e+13,7.7e+13,[7.699999113405392188e+13,7.699999113405493750e+13]
4.86207e+07,0,7.8e+13,7e+13,7.8e+13,[7.799999071858556250e+13,7.799999071858660938e+13]
5.43821e+07,0,7.9e+13,7e+13,7.9e+13,[7.899999148646323438e+13,7.899999148646431250e+13]
6.00373e+07,0,8e+13,7e+13,8e+13,[7.999999016085775000e+13,7.999999016085885938e+13]
6.32473e+06,0,8.1e+13,8e+13,8.1e+13,[8.099999252997659375e+13,8.099999252997773438e+13]
1.20591e+07,0,8.2e+13,8e+13,8.2e+13,[8.199999068680040625e+13,8.199999068680157812e+13]
1.77933e+07,0,8.3e+13,8e+13,8.3e+13,[8.299999299569567188e+13,8.299999299569687500e+13]
2.35287e+07,0,8.4e+13,8e+13,8.4e+13,[8.399998786163103125e+13,8.399998786163228125e+13]
2.9541e+07,0,8.5e+13,8e+13,8.5e+13,[8.499998709696995312e+13,8.499998709697123438e+13]
3.55207e+07,0,8.6e+13,8e+13,8.6e+13,[8.599998746991875000e+13,8.599998746992006250e+13]
4.17766e+07,0,8.7e+13,8e+13,8.7e+13,[8.699998775931976562e+13,8.699998775932110938e+13]
4.79174e+07,0,8.8e+13,8e+13,8.8e+13,[8.799998788292656250e+13,8.799998788292793750e+13]
5.42237e+07,0,8.9e+13,8e+13,8.9e+13,[8.899998791756771875e+13,8.899998791756914062e+13]
5.98306e+07,0,9e+13,8e+13,9e+13,[8.999998950139434375e+13,8.999998950139579688e+13]
6.63475e+06,0,9.1e+13,9e+13,9.1e+13,[9.099999059676734375e+13,9.099999059676884375e+13]
1.28588e+07,0,9.2e+13,9e+13,9.2e+13,[9.199999011965029688e+13,9.199999011965182812e+13]
1.91236e+07,0,9.3e+13,9e+13,9.3e+13,[9.299999140254464062e+13,9.299999140254620312e+13]
2.51355e+07,0,9.4e+13,9e+13,9.4e+13,[9.399999337027426562e+13,9.399999337027585938e+13]
3.08652e+07,0,9.5e+13,9e+13,9.5e+13,[9.499999078590785938e+13,9.499999078590948438e+13]
3.6567e+07,0,9.6e+13,9e+13,9.6e+13,[9.599999046134571875e+13,9.599999046134737500e+13]
4.22764e+07,0,9.7e+13,9e+13,9.7e+13,[9.699999130845589062e+13,9.699999130845757812e+13]
4.79964e+07,0,9.8e+13,9e+13,9.8e+13,[9.799999045906076562e+13,9.799999045906248438e+13]
5.36977e+07,0,9.9e+13,9e+13,9.9e+13,[9.899999101389451562e+13,9.899999101389626562e+13]
5.93486e+07,0,1e+14,9e+13,1e+14,[9.999999057324607812e+13,9.999999057324785938e+13]
8.38619e+07,0,1.1e+14,1e+14,1.1e+14,[1.099999908549212344e+14,1.099999908549230625e+14]
8.72405e+07,0,1.2e+14,1.1e+14,1.2e+14,[1.199999889827352812e+14,1.199999889827371562e+14]
8.68218e+07,0,1.3e+14,1.2e+14,1.3e+14,[1.299999843202875938e+14,1.299999843202895156e+14]
8.78289e+07,0,1.4e+14,1.3e+14,1.4e+14,[1.399999921999353281e+14,1.399999921999372812e+14]
8.65616e+07,0,1.5e+14,1.4e+14,1.5e+14,[1.499999822246090625e+14,1.499999822246110938e+14]
8.58757e+07,0,1.6e+14,1.5e+14,1.6e+14,[1.599999870077967812e+14,1.599999870077989062e+14]
8.62384e+07,0,1.7e+14,1.6e+14,1.7e+14,[1.699999911606906250e+14,1.699999911606928125e+14]
8.62712e+07,0,1.8e+14,1.7e+14,1.8e+14,[1.799999902298722812e+14,1.799999902298745312e+14]
8.68178e+07,0,1.9e+14,1.8e+14,1.9e+14,[1.899999832052618125e+14,1.899999832052641250e+14]
8.57933e+07,0,2e+14,1.9e+14,2e+14,[1.999999834757663438e+14,1.999999834757687500e+14]
8.67683e+07,0,2.1e+14,2e+14,2.1e+14,[2.099999792864125000e+14,2.099999792864150000e+14]
8.71265e+07,0,2.2e+14,2.1e+14,2.2e+14,[2.199999829446882812e+14,2.199999829446908438e+14]
8.61399e+07,0,2.3e+14,2.2e+14,2.3e+14,[2.299999837082485312e+14,2.299999837082511875e+14]
8.62246e+07,0,2.4e+14,2.3e+14,2.4e+14,[2.399999871740650000e+14,2.399999871740677500e+14]
8.66358e+07,0,2.5e+14,2.4e+14,2.5e+14,[2.499999862204271250e+14,2.499999862204299375e+14]
8.56678e+07,0,2.6e+14,2.5e+14,2.6e+14,[2.599999854268060938e+14,2.599999854268089688e+14]
8.4383e+07,0,2.7e+14,2.6e+14,2.7e+14,[2.699999821610155312e+14,2.699999821610184688e+14]
8.57689e+07,0,2.8e+14,2.7e+14,2.8e+14,[2.799999768338125000e+14,2.799999768338155312e+14]
8.48929e+07,0,2.9e+14,2.8e+14,2.9e+14,[2.899999846412803125e+14,2.899999846412834375e+14]
8.47504e+07,0,3e+14,2.9e+14,3e+14,[2.999999867022446875e+14,2.999999867022479375e+14]
8.40641e+07,0,3.1e+14,3e+14,3.1e+14,[3.099999826191311250e+14,3.099999826191345000e+14]
8.45543e+07,0,3.2e+14,3.1e+14,3.2e+14,[3.199999848890503125e+14,3.199999848890538125e+14]
8.67476e+07,0,3.3e+14,3.2e+14,3.3e+14,[3.299999808125680000e+14,3.299999808125716875e+14]
8.55131e+07,0,3.4e+14,3.3e+14,3.4e+14,[3.399999785167850625e+14,3.399999785167888750e+14]
8.48859e+07,0,3.5e+14,3.4e+14,3.5e+14,[3.499999746471449375e+14,3.499999746471488750e+14]
8.27377e+07,0,3.6e+14,3.5e+14,3.6e+14,[3.599999745011973125e+14,3.599999745012013750e+14]
8.52423e+07,0,3.7e+14,3.6e+14,3.7e+14,[3.699999763610728125e+14,3.699999763610770625e+14]
8.52383e+07,0,3.8e+14,3.7e+14,3.8e+14,[3.799999800515813750e+14,3.799999800515858125e+14]
8.41779e+07,0,3.9e+14,3.8e+14,3.9e+14,[3.899999821106139375e+14,3.899999821106185000e+14]
8.52934e+07,0,4e+14,3.9e+14,4e+14,[3.999999822968987500e+14,3.999999822969035000e+14]
8.54761e+07,0,4.1e+14,4e+14,4.1e+14,[4.099999836665986250e+14,4.099999836666035000e+14]
8.56663e+07,0,4.2e+14,4.1e+14,4.2e+14,[4.199999814965516875e+14,4.199999814965566875e+14]
8.57357e+07,0,4.3e+14,4.2e+14,4.3e+14,[4.299999805035624375e+14,4.299999805035675625e+14]
8.51798e+07,0,4.4e+14,4.3e+14,4.4e+14,[4.399999832572927500e+14,4.399999832572980000e+14]
8.72089e+07,0,4.5e+14,4.4e+14,4.5e+14,[4.499999858590001875e+14,4.499999858590055625e+14]
8.57263e+07,0,4.6e+14,4.5e+14,4.6e+14,[4.599999770272758750e+14,4.599999770272813750e+14]
8.4971e+07,0,4.7e+14,4.6e+14,4.7e+14,[4.699999790978786875e+14,4.699999790978843125e+14]
8.55877e+07,0,4.8e+14,4.7e+14,4.8e+14,[4.799999668719593125e+14,4.799999668719650625e+14]
8.50024e+07,0,4.9e+14,4.8e+14,4.9e+14,[4.899999682092281875e+14,4.899999682092340625e+14]
8.5419e+07,0,5e+14,4.9e+14,5e+14,[4.999999740198533125e+14,4.999999740198593125e+14]
8.5353e+07,0,5.1e+14,5e+14,5.1e+14,[5.099999789613830625e+14,5.099999789613891875e+14]
8.53194e+07,0,5.2e+14,5.1e+14,5.2e+14,[5.199999771479863750e+14,5.199999771479926875e+14]
8.63378e+07,0,5.3e+14,5.2e+14,5.3e+14,[5.299999722614910000e+14,5.299999722614975000e+14]
8.68965e+07,0,5.4e+14,5.3e+14,5.4e+14,[5.399999767521775000e+14,5.399999767521841250e+14]
8.64974e+07,0,5.5e+14,5.4e+14,5.5e+14,[5.499999737967158125e+14,5.499999737967225625e+14]
8.54609e+07,0,5.6e+14,5.5e+14,5.6e+14,[5.599999749741896875e+14,5.599999749741965625e+14]
8.43577e+07,0,5.7e+14,5.6e+14,5.7e+14,[5.699999688184417500e+14,5.699999688184490000e+14]
8.53844e+07,0,5.8e+14,5.7e+14,5.8e+14,[5.799999699277847500e+14,5.799999699277922500e+14]
8.49265e+07,0,5.9e+14,5.8e+14,5.9e+14,[5.899999810121956250e+14,5.899999810122033750e+14]
8.49848e+07,0,6e+14,5.9e+14,6e+14,[5.999999836106430000e+14,5.999999836106510000e+14]
8.52556e+07,0,6.1e+14,6e+14,6.1e+14,[6.099999856204655000e+14,6.099999856204737500e+14]
8.39755e+07,0,6.2e+14,6.1e+14,6.2e+14,[6.199999836030796250e+14,6.199999836030881250e+14]
8.50818e+07,0,6.3e+14,6.2e+14,6.3e+14,[6.299999790459053750e+14,6.299999790459141250e+14]
8.30167e+07,0,6.4e+14,6.3e+14,6.4e+14,[6.399999745682567500e+14,6.399999745682657500e+14]
8.43776e+07,0,6.5e+14,6.4e+14,6.5e+14,[6.499999749055387500e+14,6.499999749055480000e+14]
8.35392e+07,0,6.6e+14,6.5e+14,6.6e+14,[6.599999743241672500e+14,6.599999743241767500e+14]
8.34549e+07,0,6.7e+14,6.6e+14,6.7e+14,[6.699999700604903750e+14,6.699999700605001250e+14]
8.43319e+07,0,6.8e+14,6.7e+14,6.8e+14,[6.799999787803471250e+14,6.799999787803571250e+14]
8.44908e+07,0,6.9e+14,6.8e+14,6.9e+14,[6.899999728676922500e+14,6.899999728677025000e+14]
8.39481e+07,0,7e+14,6.9e+14,7e+14,[6.999999718873270000e+14,6.999999718873375000e+14]
8.42206e+07,0,7.1e+14,7e+14,7.1e+14,[7.099999649359808750e+14,7.099999649359916250e+14]
8.43592e+07,0,7.2e+14,7.1e+14,7.2e+14,[7.199999737389486250e+14,7.199999737389596250e+14]
8.40691e+07,0,7.3e+14,7.2e+14,7.3e+14,[7.299999710360668750e+14,7.299999710360781250e+14]
8.43504e+07,0,7.4e+14,7.3e+14,7.4e+14,[7.399999719480921250e+14,7.399999719481036250e+14]
8.42961e+07,0,7.5e+14,7.4e+14,7.5e+14,[7.499999806762226250e+14,7.499999806762343750e+14]
8.40539e+07,0,7.6e+14,7.5e+14,7.6e+14,[7.599999774425631250e+14,7.599999774425751250e+14]
8.4488e+07,0,7.7e+14,7.6e+14,7.7e+14,[7.699999726519930000e+14,7.699999726520052500e+14]
8.46272e+07,0,7.8e+14,7.7e+14,7.8e+14,[7.799999658460332500e+14,7.799999658460457500e+14]
8.37759e+07,0,7.9e+14,7.8e+14,7.9e+14,[7.899999655757038750e+14,7.899999655757166250e+14]
8.40376e+07,0,8e+14,7.9e+14,8e+14,[7.999999646808296250e+14,7.999999646808427500e+14]
8.49785e+07,0,8.1e+14,8e+14,8.1e+14,[8.099999701050756250e+14,8.099999701050890000e+14]
8.49006e+07,0,8.2e+14,8.1e+14,8.2e+14,[8.199999663356103750e+14,8.199999663356240000e+14]
8.49295e+07,0,8.3e+14,8.2e+14,8.3e+14,[8.299999722138448750e+14,8.299999722138588750e+14]
8.47581e+07,0,8.4e+14,8.3e+14,8.4e+14,[8.399999728023157500e+14,8.399999728023300000e+14]
8.48908e+07,0,8.5e+14,8.4e+14,8.5e+14,[8.499999707643173750e+14,8.499999707643320000e+14]
8.4709e+07,0,8.6e+14,8.5e+14,8.6e+14,[8.599999706372100000e+14,8.599999706372248750e+14]
8.38103e+07,0,8.7e+14,8.6e+14,8.7e+14,[8.699999687306013750e+14,8.699999687306165000e+14]
8.27837e+07,0,8.8e+14,8.7e+14,8.8e+14,[8.799999661057978750e+14,8.799999661058132500e+14]
8.45283e+07,0,8.9e+14,8.8e+14,8.9e+14,[8.899999637395037500e+14,8.899999637395193750e+14]
8.45209e+07,0,9e+14,8.9e+14,9e+14,[8.999999613866862500e+14,8.999999613867021250e+14]
8.41343e+07,0,9.1e+14,9e+14,9.1e+14,[9.099999664000260000e+14,9.099999664000421250e+14]
8.16725e+07,0,9.2e+14,9.1e+14,9.2e+14,[9.199999655786697500e+14,9.199999655786861250e+14]
8.35709e+07,0,9.3e+14,9.2e+14,9.3e+14,[9.299999656322907500e+14,9.299999656323073750e+14]
6.04744e+07,0,9.4e+14,9.3e+14,9.4e+14,[9.399999693857003750e+14,9.399999693857173750e+14]
5.90125e+07,0,9.5e+14,9.4e+14,9.5e+14,[9.499999695637033750e+14,9.499999695637206250e+14]
5.92195e+07,0,9.6e+14,9.5e+14,9.6e+14,[9.599999726365696250e+14,9.599999726365871250e+14]
5.87057e+07,0,9.7e+14,9.6e+14,9.7e+14,[9.699999699483737500e+14,9.699999699483915000e+14]
6.10418e+07,0,9.8e+14,9.7e+14,9.8e+14,[9.799999794334808750e+14,9.799999794334988750e+14]
5.90741e+07,0,9.9e+14,9.8e+14,9.9e+14,[9.899999699360198750e+14,9.899999699360381250e+14]
5.79348e+07,0,1e+15,9.9e+14,1e+15,[9.999999657526516250e+14,9.999999657526701250e+14]
