7478283,0,1000000000000,2,999999999989,[9.999990303330955811e+11,9.999990303330968018e+11]
14542259,0,2000000000000,2,1999999999981,[1.999998755521469238e+12,1.999998755521471924e+12]
21267948,0,3000000000000,2,2999999999933,[2.999997819758985840e+12,2.999997819758989746e+12]
27773436,0,4000000000000,2,3999999999967,[3.999998370195714844e+12,3.999998370195720215e+12]
33908588,0,5000000000000,2,4999999999937,[4.999998073643708008e+12,4.999998073643715820e+12]
39988833,0,6000000000000,2,5999999999891,[5.999997276726872070e+12,5.999997276726881836e+12]
46084455,0,7000000000000,2,6999999999973,[6.999996936360160156e+12,6.999996936360170898e+12]
52166848,0,8000000000000,2,7999999999993,[7.999997864671377930e+12,7.999997864671389648e+12]
58196842,0,9000000000000,2,8999999999993,[8.999996425300236328e+12,8.999996425300251953e+12]
63726078,0,10000000000000,2,9999999999971,[9.999996988293025391e+12,9.999996988293042969e+12]
6680966,0,11000000000000,10000000000037,10999999999943,[1.099999688115790625e+13,1.099999688115792383e+13]
12655899,0,12000000000000,10000000000037,11999999999969,[1.199999762144625781e+13,1.199999762144627539e+13]
18642905,0,13000000000000,10000000000037,12999999999989,[1.299999553346797070e+13,1.299999553346799023e+13]
24637327,0,14000000000000,10000000000037,13999999999963,[1.399999569740906641e+13,1.399999569740908789e+13]
31268167,0,15000000000000,10000000000037,14999999999981,[1.499999648230169922e+13,1.499999648230172070e+13]
38210335,0,16000000000000,10000000000037,15999999999961,[1.599999441598554883e+13,1.599999441598557227e+13]
44263404,0,17000000000000,10000000000037,16999999999991,[1.699999591531487109e+13,1.699999591531489648e+13]
50815549,0,18000000000000,10000000000037,17999999999951,[1.799999586909972656e+13,1.799999586909975391e+13]
56747764,0,19000000000000,10000000000037,18999999999947,[1.899999610402636328e+13,1.899999610402639453e+13]
62298679,0,20000000000000,10000000000037,19999999999997,[1.999999512608221094e+13,1.999999512608224609e+13]
6406010,0,21000000000000,20000000000021,20999999999987,[2.099999776741469531e+13,2.099999776741472656e+13]
12341311,0,22000000000000,20000000000021,21999999999997,[2.199999449371512891e+13,2.199999449371516016e+13]
18243605,0,23000000000000,20000000000021,22999999999997,[2.299999477048049219e+13,2.299999477048052734e+13]
24126688,0,24000000000000,20000000000021,23999999999993,[2.399999403304330078e+13,2.399999403304333984e+13]
30695249,0,25000000000000,20000000000021,24999999999983,[2.499999421905839062e+13,2.499999421905842578e+13]
36654704,0,26000000000000,20000000000021,25999999999991,[2.599999579609240234e+13,2.599999579609244141e+13]
42569871,0,27000000000000,20000000000021,26999999999993,[2.699999479286125391e+13,2.699999479286129297e+13]
48933993,0,28000000000000,20000000000021,27999999999977,[2.799999468862856641e+13,2.799999468862860938e+13]
55212538,0,29000000000000,20000000000021,28999999999979,[2.899999476968698047e+13,2.899999476968702344e+13]
60915152,0,30000000000000,20000000000021,29999999999987,[2.999999553138982422e+13,2.999999553138986719e+13]
6601912,0,31000000000000,30000000000011,30999999999977,[3.099999527418498047e+13,3.099999527418502344e+13]
12487915,0,32000000000000,30000000000011,31999999999997,[3.199999536691191797e+13,3.199999536691196484e+13]
18367911,0,33000000000000,30000000000011,32999999999951,[3.299999338863828906e+13,3.299999338863833594e+13]
24251445,0,34000000000000,30000000000011,33999999999967,[3.399999334675890625e+13,3.399999334675895312e+13]
30536658,0,35000000000000,30000000000011,34999999999999,[3.499999292119078125e+13,3.499999292119082812e+13]
37079761,0,36000000000000,30000000000011,35999999999989,[3.599999010146064062e+13,3.599999010146069531e+13]
43324813,0,37000000000000,30000000000011,36999999999967,[3.699999457596960156e+13,3.699999457596965625e+13]
49338318,0,38000000000000,30000000000011,37999999999967,[3.799999531844904688e+13,3.799999531844910938e+13]
55438126,0,39000000000000,30000000000011,38999999999911,[3.899999451122993750e+13,3.899999451123000000e+13]
61079166,0,40000000000000,30000000000011,39999999999913,[3.999999353372428125e+13,3.999999353372435156e+13]
6589173,0,41000000000000,40000000000001,40999999999993,[4.099999333458862500e+13,4.099999333458868750e+13]
12807859,0,42000000000000,40000000000001,41999999999999,[4.199999488917327344e+13,4.199999488917333594e+13]
19107351,0,43000000000000,40000000000001,42999999999991,[4.299999385793557031e+13,4.299999385793564062e+13]
25399020,0,44000000000000,40000000000001,43999999999981,[4.399999403128610156e+13,4.399999403128617188e+13]
31225505,0,45000000000000,40000000000001,44999999999953,[4.499999356760694531e+13,4.499999356760701562e+13]
37053005,0,46000000000000,40000000000001,45999999999911,[4.599999229766578125e+13,4.599999229766585156e+13]
42864999,0,47000000000000,40000000000001,46999999999957,[4.699999062483214062e+13,4.699999062483221875e+13]
48680273,0,48000000000000,40000000000001,47999999999977,[4.799999312453967969e+13,4.799999312453975000e+13]
54460825,0,49000000000000,40000000000001,48999999999997,[4.899999464975339062e+13,4.899999464975346875e+13]
60156128,0,50000000000000,40000000000001,49999999999981,[4.999999254319422656e+13,4.999999254319430469e+13]
6652677,0,51000000000000,50000000000053,50999999999989,[5.099999513992051562e+13,5.099999513992059375e+13]
12974884,0,52000000000000,50000000000053,51999999999989,[5.199999267044350781e+13,5.199999267044358594e+13]
19175219,0,53000000000000,50000000000053,52999999999939,[5.299999530854770312e+13,5.299999530854778125e+13]
25606090,0,54000000000000,50000000000053,53999999999929,[5.399999362145760938e+13,5.399999362145768750e+13]
31589818,0,55000000000000,50000000000053,54999999999961,[5.499999084787720312e+13,5.499999084787728125e+13]
37432788,0,56000000000000,50000000000053,55999999999963,[5.599999168919217188e+13,5.599999168919225000e+13]
43731511,0,57000000000000,50000000000053,56999999999953,[5.699999024483380469e+13,5.699999024483389062e+13]
49867331,0,58000000000000,50000000000053,57999999999937,[5.799998996872139062e+13,5.799998996872147656e+13]
55978107,0,59000000000000,50000000000053,58999999999961,[5.899998932418882812e+13,5.899998932418891406e+13]
61534351,0,60000000000000,50000000000053,59999999999999,[5.999999029703358594e+13,5.999999029703367188e+13]
6679795,0,61000000000000,60000000000013,60999999999977,[6.099999133435830469e+13,6.099999133435839062e+13]
13099309,0,62000000000000,60000000000013,61999999999997,[6.199999044819831250e+13,6.199999044819840625e+13]
19390977,0,63000000000000,60000000000013,62999999999969,[6.299999339360157031e+13,6.299999339360166406e+13]
25679820,0,64000000000000,60000000000013,63999999999997,[6.399999135619794531e+13,6.399999135619803906e+13]
31478684,0,65000000000000,60000000000013,64999999999999,[6.499999086139550781e+13,6.499999086139560156e+13]
37273207,0,66000000000000,60000000000013,65999999999933,[6.599999211394167188e+13,6.599999211394176562e+13]
43068548,0,67000000000000,60000000000013,66999999999991,[6.699999232417866406e+13,6.699999232417876562e+13]
48869057,0,68000000000000,60000000000013,67999999999973,[6.799999142975232812e+13,6.799999142975242969e+13]
54668006,0,69000000000000,60000000000013,68999999999989,[6.899999320815703125e+13,6.899999320815713281e+13]
60344902,0,70000000000000,60000000000013,69999999999971,[6.999999431640982031e+13,6.999999431640992188e+13]
6770509,0,71000000000000,70000000000009,70999999999963,[7.099999372169739062e+13,7.099999372169750000e+13]
12950748,0,72000000000000,70000000000009,71999999999959,[7.199999672472787500e+13,7.199999672472800000e+13]
19309216,0,73000000000000,70000000000009,72999999999973,[7.299999363769815625e+13,7.299999363769826562e+13]
25540321,0,74000000000000,70000000000009,73999999999987,[7.399999052354051562e+13,7.399999052354062500e+13]
31304543,0,75000000000000,70000000000009,74999999999987,[7.499999012621978125e+13,7.499999012621989062e+13]
37062425,0,76000000000000,70000000000009,75999999999949,[7.599999052796995312e+13,7.599999052797007812e+13]
42820088,0,77000000000000,70000000000009,76999999999969,[7.699999113405435938e+13,7.699999113405448438e+13]
48620747,0,78000000000000,70000000000009,77999999999983,[7.799999071858601562e+13,7.799999071858614062e+13]
54382104,0,79000000000000,70000000000009,78999999999953,[7.899999148646370312e+13,7.899999148646382812e+13]
60037337,0,80000000000000,70000000000009,79999999999993,[7.999999016085823438e+13,7.999999016085837500e+13]
6324730,0,81000000000000,80000000000027,80999999999987,[8.099999252997709375e+13,8.099999252997721875e+13]
12059063,0,82000000000000,80000000000027,81999999999997,[8.199999068680092188e+13,8.199999068680106250e+13]
17793275,0,83000000000000,80000000000027,82999999999927,[8.299999299569620312e+13,8.299999299569632812e+13]
23528700,0,84000000000000,80000000000027,83999999999987,[8.399998786163157812e+13,8.399998786163171875e+13]
29541002,0,85000000000000,80000000000027,84999999999977,[8.499998709697053125e+13,8.499998709697065625e+13]
35520713,0,86000000000000,80000000000027,85999999999993,[8.599998746991932812e+13,8.599998746991946875e+13]
41776608,0,87000000000000,80000000000027,86999999999981,[8.699998775932035938e+13,8.699998775932050000e+13]
47917371,0,88000000000000,80000000000027,87999999999997,[8.799998788292717188e+13,8.799998788292731250e+13]
54223662,0,89000000000000,80000000000027,88999999999973,[8.899998791756835938e+13,8.899998791756850000e+13]
59830596,0,90000000000000,80000000000027,89999999999993,[8.999998950139500000e+13,8.999998950139514062e+13]
6634747,0,91000000000000,90000000000077,90999999999913,[9.099999059676803125e+13,9.099999059676817188e+13]
12858768,0,92000000000000,90000000000077,91999999999997,[9.199999011965098438e+13,9.199999011965114062e+13]
19123621,0,93000000000000,90000000000077,92999999999993,[9.299999140254534375e+13,9.299999140254548438e+13]
25135542,0,94000000000000,90000000000077,93999999999991,[9.399999337027498438e+13,9.399999337027512500e+13]
30865163,0,95000000000000,90000000000077,94999999999997,[9.499999078590859375e+13,9.499999078590875000e+13]
36566967,0,96000000000000,90000000000077,95999999999999,[9.599999046134646875e+13,9.599999046134662500e+13]
42276379,0,97000000000000,90000000000077,96999999999979,[9.699999130845665625e+13,9.699999130845681250e+13]
47996406,0,98000000000000,90000000000077,97999999999987,[9.799999045906154688e+13,9.799999045906170312e+13]
53697726,0,99000000000000,90000000000077,98999999999951,[9.899999101389532812e+13,9.899999101389548438e+13]
59348572,0,100000000000000,90000000000077,99999999999973,[9.999999057324690625e+13,9.999999057324706250e+13]
83861913,0,110000000000000,100000000000031,109999999999961,[1.099999908549220625e+14,1.099999908549222500e+14]
87240521,0,120000000000000,110000000000027,119999999999947,[1.199999889827361406e+14,1.199999889827363281e+14]
86821751,0,130000000000000,120000000000031,129999999999973,[1.299999843202884531e+14,1.299999843202886719e+14]
87828931,0,140000000000000,130000000000063,139999999999987,[1.399999921999362031e+14,1.399999921999364375e+14]
86561604,0,150000000000000,140000000000023,149999999999977,[1.499999822246099375e+14,1.499999822246102188e+14]
85875697,0,160000000000000,150000000000007,159999999999997,[1.599999870077976875e+14,1.599999870077980000e+14]
86238417,0,170000000000000,160000000000069,169999999999897,[1.699999911606915625e+14,1.699999911606918750e+14]
86271242,0,180000000000000,170000000000041,179999999999971,[1.799999902298732188e+14,1.799999902298735938e+14]
86817822,0,190000000000000,180000000000031,189999999999989,[1.899999832052627812e+14,1.899999832052631562e+14]
85793338,0,200000000000000,190000000000007,199999999999997,[1.999999834757673438e+14,1.999999834757677500e+14]
86768261,0,210000000000000,200000000000027,209999999999989,[2.099999792864135312e+14,2.099999792864139375e+14]
87126460,0,220000000000000,210000000000023,219999999999953,[2.199999829446893438e+14,2.199999829446897812e+14]
86139876,0,230000000000000,220000000000007,229999999999961,[2.299999837082496250e+14,2.299999837082500938e+14]
86224601,0,240000000000000,230000000000003,239999999999911,[2.399999871740661250e+14,2.399999871740665938e+14]
86635804,0,250000000000000,240000000000017,249999999999977,[2.499999862204282812e+14,2.499999862204287812e+14]
85667830,0,260000000000000,250000000000043,259999999999963,[2.599999854268072812e+14,2.599999854268077812e+14]
84383038,0,270000000000000,260000000000011,269999999999957,[2.699999821610167188e+14,2.699999821610172500e+14]
85768894,0,280000000000000,270000000000061,279999999999977,[2.799999768338137188e+14,2.799999768338142812e+14]
84892865,0,290000000000000,280000000000033,289999999999981,[2.899999846412815625e+14,2.899999846412821875e+14]
84750372,0,300000000000000,290000000000017,299999999999989,[2.999999867022459375e+14,2.999999867022466250e+14]
84064051,0,310000000000000,300000000000089,309999999999979,[3.099999826191324375e+14,3.099999826191331250e+14]
84554286,0,320000000000000,310000000000013,319999999999961,[3.199999848890516875e+14,3.199999848890524375e+14]
86747583,0,330000000000000,320000000000029,329999999999987,[3.299999808125695000e+14,3.299999808125701875e+14]
85513089,0,340000000000000,330000000000023,339999999999967,[3.399999785167865625e+14,3.399999785167873125e+14]
84885856,0,350000000000000,340000000000007,349999999999999,[3.499999746471465000e+14,3.499999746471472500e+14]
82737727,0,360000000000000,350000000000009,359999999999953,[3.599999745011989375e+14,3.599999745011996875e+14]
85242312,0,370000000000000,360000000000023,369999999999991,[3.699999763610745000e+14,3.699999763610753125e+14]
85238314,0,380000000000000,370000000000063,379999999999967,[3.799999800515831250e+14,3.799999800515839375e+14]
84177922,0,390000000000000,380000000000017,389999999999983,[3.899999821106157500e+14,3.899999821106165625e+14]
85293446,0,400000000000000,390000000000029,399999999999997,[3.999999822969006875e+14,3.999999822969015000e+14]
85476129,0,410000000000000,400000000000063,409999999999979,[4.099999836666005625e+14,4.099999836666014375e+14]
85666304,0,420000000000000,410000000000047,419999999999989,[4.199999814965536875e+14,4.199999814965545625e+14]
85735683,0,430000000000000,420000000000001,429999999999991,[4.299999805035645000e+14,4.299999805035654375e+14]
85179793,0,440000000000000,430000000000057,439999999999969,[4.399999832572948750e+14,4.399999832572958125e+14]
87208924,0,450000000000000,440000000000107,449999999999987,[4.499999858590023750e+14,4.499999858590033125e+14]
85726285,0,460000000000000,450000000000043,459999999999941,[4.599999770272781250e+14,4.599999770272790625e+14]
84970956,0,470000000000000,460000000000003,469999999999991,[4.699999790978809375e+14,4.699999790978819375e+14]
85587724,0,480000000000000,470000000000023,479999999999921,[4.799999668719616250e+14,4.799999668719626250e+14]
85002448,0,490000000000000,480000000000047,489999999999967,[4.899999682092305625e+14,4.899999682092315625e+14]
85418975,0,500000000000000,490000000000013,499999999999999,[4.999999740198556875e+14,4.999999740198567500e+14]
85353006,0,510000000000000,500000000000057,509999999999981,[5.099999789613855000e+14,5.099999789613865625e+14]
85319390,0,520000000000000,510000000000067,519999999999971,[5.199999771479888750e+14,5.199999771479900000e+14]
86337782,0,530000000000000,520000000000073,529999999999999,[5.299999722614935625e+14,5.299999722614946875e+14]
86896498,0,540000000000000,530000000000011,539999999999989,[5.399999767521801250e+14,5.399999767521812500e+14]
86497395,0,550000000000000,540000000000023,549999999999953,[5.499999737967185000e+14,5.499999737967196875e+14]
85460942,0,560000000000000,550000000000019,559999999999927,[5.599999749741924375e+14,5.599999749741936250e+14]
84357729,0,570000000000000,560000000000003,569999999999959,[5.699999688184446250e+14,5.699999688184458750e+14]
85384388,0,580000000000000,570000000000029,579999999999977,[5.799999699277877500e+14,5.799999699277891250e+14]
84926462,0,590000000000000,580000000000019,589999999999979,[5.899999810121987500e+14,5.899999810122001250e+14]
84984788,0,600000000000000,590000000000011,599999999999941,[5.999999836106462500e+14,5.999999836106476250e+14]
85255629,0,610000000000000,600000000000073,609999999999997,[6.099999856204688750e+14,6.099999856204702500e+14]
83975508,0,620000000000000,610000000000033,619999999999999,[6.199999836030831250e+14,6.199999836030845000e+14]
85081817,0,630000000000000,620000000000027,629999999999969,[6.299999790459088750e+14,6.299999790459103750e+14]
83016707,0,640000000000000,630000000000013,639999999999961,[6.399999745682603750e+14,6.399999745682618750e+14]
84377586,0,650000000000000,640000000000033,649999999999957,[6.499999749055425000e+14,6.499999749055440000e+14]
83539241,0,660000000000000,650000000000003,659999999999993,[6.599999743241711250e+14,6.599999743241726250e+14]
83454888,0,670000000000000,660000000000023,669999999999971,[6.699999700604943750e+14,6.699999700604958750e+14]
84331919,0,680000000000000,670000000000031,679999999999993,[6.799999787803512500e+14,6.799999787803527500e+14]
84490778,0,690000000000000,680000000000003,689999999999971,[6.899999728676965000e+14,6.899999728676981250e+14]
83948106,0,700000000000000,690000000000007,699999999999991,[6.999999718873313750e+14,6.999999718873330000e+14]
84220632,0,710000000000000,700000000000051,709999999999999,[7.099999649359853750e+14,7.099999649359870000e+14]
84359161,0,720000000000000,710000000000023,719999999999999,[7.199999737389532500e+14,7.199999737389548750e+14]
84069137,0,730000000000000,720000000000011,729999999999997,[7.299999710360715000e+14,7.299999710360732500e+14]
84350376,0,740000000000000,730000000000027,739999999999999,[7.399999719480968750e+14,7.399999719480986250e+14]
84296133,0,750000000000000,740000000000021,749999999999981,[7.499999806762275000e+14,7.499999806762291250e+14]
84053886,0,760000000000000,750000000000037,759999999999949,[7.599999774425681250e+14,7.599999774425697500e+14]
84487988,0,770000000000000,760000000000009,769999999999991,[7.699999726519981250e+14,7.699999726519998750e+14]
84627163,0,780000000000000,770000000000017,779999999999951,[7.799999658460385000e+14,7.799999658460402500e+14]
83775914,0,790000000000000,780000000000007,789999999999997,[7.899999655757092500e+14,7.899999655757110000e+14]
84037620,0,800000000000000,790000000000009,799999999999943,[7.999999646808352500e+14,7.999999646808370000e+14]
84978464,0,810000000000000,800000000000017,809999999999933,[8.099999701050813750e+14,8.099999701050831250e+14]
84900586,0,820000000000000,810000000000047,819999999999967,[8.199999663356162500e+14,8.199999663356181250e+14]
84929491,0,830000000000000,820000000000039,829999999999991,[8.299999722138508750e+14,8.299999722138527500e+14]
84758149,0,840000000000000,830000000000051,839999999999929,[8.399999728023218750e+14,8.399999728023237500e+14]
84890819,0,850000000000000,840000000000089,849999999999841,[8.499999707643236250e+14,8.499999707643255000e+14]
84708973,0,860000000000000,850000000000007,859999999999981,[8.599999706372163750e+14,8.599999706372182500e+14]
83810253,0,870000000000000,860000000000017,869999999999957,[8.699999687306078750e+14,8.699999687306098750e+14]
82783724,0,880000000000000,870000000000011,879999999999929,[8.799999661058045000e+14,8.799999661058065000e+14]
84528312,0,890000000000000,880000000000019,889999999999991,[8.899999637395106250e+14,8.899999637395125000e+14]
84520935,0,900000000000000,890000000000063,899999999999983,[8.999999613866932500e+14,8.999999613866952500e+14]
84134337,0,910000000000000,900000000000019,909999999999943,[9.099999664000331250e+14,9.099999664000351250e+14]
81672520,0,920000000000000,910000000000051,919999999999999,[9.199999655786770000e+14,9.199999655786790000e+14]
83570853,0,930000000000000,920000000000051,929999999999869,[9.299999656322981250e+14,9.299999656323001250e+14]
60474442,0,940000000000000,930000000000011,939999999999979,[9.399999693857078750e+14,9.399999693857100000e+14]
59012493,0,950000000000000,940000000000007,949999999999987,[9.499999695637110000e+14,9.499999695637131250e+14]
59219489,0,960000000000000,950000000000021,959999999999959,[9.599999726365773750e+14,9.599999726365795000e+14]
58705748,0,970000000000000,960000000000023,969999999999997,[9.699999699483816250e+14,9.699999699483837500e+14]
61041834,0,980000000000000,970000000000067,979999999999997,[9.799999794334888750e+14,9.799999794334910000e+14]
59074108,0,990000000000000,980000000000041,989999999999993,[9.899999699360280000e+14,9.899999699360301250e+14]
57934793,0,1000000000000000,990000000000017,999999999999989,[9.999999657526598750e+14,9.999999657526620000e+14]
