7478283,0,1000000000000,2,999999999989,[9.999990303330955811e+11,9.999990303330968018e+11]
14542259,0,2000000000000,2,1999999999981,[1.999998755521469238e+12,1.999998755521471924e+12]
21267948,0,3000000000000,2,2999999999933,[2.999997819758985840e+12,2.999997819758989746e+12]
27773436,0,4000000000000,2,3999999999967,[3.999998370195714844e+12,3.999998370195720215e+12]
33908588,0,5000000000000,2,4999999999937,[4.999998073643708008e+12,4.999998073643715820e+12]
39988833,0,6000000000000,2,5999999999891,[5.999997276726872070e+12,5.999997276726881836e+12]
46084455,0,7000000000000,2,6999999999973,[6.999996936360160156e+12,6.999996936360170898e+12]
52166848,0,8000000000000,2,7999999999993,[7.999997864671377930e+12,7.999997864671389648e+12]
58196842,0,9000000000000,2,8999999999993,[8.999996425300236328e+12,8.999996425300251953e+12]
63726078,0,10000000000000,2,9999999999971,[9.999996988293025391e+12,9.999996988293042969e+12]
62298679,0,20000000000000,10000000000037,19999999999997,[1.999999512608221094e+13,1.999999512608224609e+13]
60915152,0,30000000000000,20000000000021,29999999999987,[2.999999553138982422e+13,2.999999553138986719e+13]
61079166,0,40000000000000,30000000000011,39999999999913,[3.999999353372428125e+13,3.999999353372435156e+13]
60156128,0,50000000000000,40000000000001,49999999999981,[4.999999254319422656e+13,4.999999254319430469e+13]
61534351,0,60000000000000,50000000000053,59999999999999,[5.999999029703358594e+13,5.999999029703367188e+13]
60344902,0,70000000000000,60000000000013,69999999999971,[6.999999431640982031e+13,6.999999431640992188e+13]
60037337,0,80000000000000,70000000000009,79999999999993,[7.999999016085823438e+13,7.999999016085837500e+13]
59830596,0,90000000000000,80000000000027,89999999999993,[8.999998950139500000e+13,8.999998950139514062e+13]
59348572,0,100000000000000,90000000000077,99999999999973,[9.999999057324690625e+13,9.999999057324706250e+13]
85793338,0,200000000000000,190000000000007,199999999999997,[1.999999834757673438e+14,1.999999834757677500e+14]
84750372,0,300000000000000,290000000000017,299999999999989,[2.999999867022459375e+14,2.999999867022466250e+14]
85293446,0,400000000000000,390000000000029,399999999999997,[3.999999822969006875e+14,3.999999822969015000e+14]
85418975,0,500000000000000,490000000000013,499999999999999,[4.999999740198556875e+14,4.999999740198567500e+14]
84984788,0,600000000000000,590000000000011,599999999999941,[5.999999836106462500e+14,5.999999836106476250e+14]
83948106,0,700000000000000,690000000000007,699999999999991,[6.999999718873313750e+14,6.999999718873330000e+14]
84037620,0,800000000000000,790000000000009,799999999999943,[7.999999646808352500e+14,7.999999646808370000e+14]
84520935,0,900000000000000,890000000000063,899999999999983,[8.999999613866932500e+14,8.999999613866952500e+14]
57934793,0,1000000000000000,990000000000017,999999999999989,[9.999999657526598750e+14,9.999999657526620000e+14]
