7478283,0,1000000000000,2,999999999989,[9.999990303330958252e+11,9.999990303330965576e+11]
14542259,1000000000000,2000000000000,2,1999999999981,[9.999997251883740234e+11,9.999997251883747559e+11]
21267948,2000000000000,3000000000000,2,2999999999933,[9.999990642375168457e+11,9.999990642375175781e+11]
27773436,3000000000000,4000000000000,2,3999999999967,[1.000000550436729370e+12,1.000000550436730103e+12]
33908588,4000000000000,5000000000000,2,4999999999937,[9.999997034479935303e+11,9.999997034479942627e+11]
39988833,5000000000000,6000000000000,2,5999999999891,[9.999992030831652832e+11,9.999992030831660156e+11]
46084455,6000000000000,7000000000000,2,6999999999973,[9.999996596332882080e+11,9.999996596332889404e+11]
52166848,7000000000000,8000000000000,2,7999999999993,[1.000000928311217407e+12,1.000000928311218140e+12]
58196842,8000000000000,9000000000000,2,8999999999993,[9.999985606288607178e+11,9.999985606288614502e+11]
63726078,9000000000000,10000000000000,2,9999999999971,[1.000000562992789307e+12,1.000000562992790039e+12]
