6680966,10000000000000,11000000000000,10000000000037,10999999999943,[9.999998928648802490e+11,9.999998928648809814e+11]
12655899,11000000000000,12000000000000,10000000000037,11999999999969,[1.000000740288351318e+12,1.000000740288352051e+12]
18642905,12000000000000,13000000000000,10000000000037,12999999999989,[9.999979120217136230e+11,9.999979120217143555e+11]
24637327,13000000000000,14000000000000,10000000000037,13999999999963,[1.000000163941095825e+12,1.000000163941096558e+12]
31268167,14000000000000,15000000000000,10000000000037,14999999999981,[1.000000784892632812e+12,1.000000784892633545e+12]
38210335,15000000000000,16000000000000,10000000000037,15999999999961,[9.999979336838505859e+11,9.999979336838513184e+11]
44263404,16000000000000,17000000000000,10000000000037,16999999999991,[1.000001499329322998e+12,1.000001499329323608e+12]
50815549,17000000000000,18000000000000,10000000000037,17999999999951,[9.999999537848553467e+11,9.999999537848560791e+11]
56747764,18000000000000,19000000000000,10000000000037,18999999999947,[1.000000234926640259e+12,1.000000234926640991e+12]
62298679,19000000000000,20000000000000,10000000000037,19999999999997,[9.999990220558479004e+11,9.999990220558486328e+11]
