6406010,20000000000000,21000000000000,20000000000021,20999999999987,[1.000002641332482544e+12,1.000002641332483276e+12]
12341311,21000000000000,22000000000000,20000000000021,21999999999997,[9.999967263004327393e+11,9.999967263004334717e+11]
18243605,22000000000000,23000000000000,20000000000021,22999999999997,[1.000000276765363159e+12,1.000000276765363892e+12]
24126688,23000000000000,24000000000000,20000000000021,23999999999993,[9.999992625628110352e+11,9.999992625628116455e+11]
30695249,24000000000000,25000000000000,20000000000021,24999999999983,[1.000000186015088623e+12,1.000000186015089355e+12]
36654704,25000000000000,26000000000000,20000000000021,25999999999991,[1.000001577034014282e+12,1.000001577034015015e+12]
42569871,26000000000000,27000000000000,20000000000021,26999999999993,[9.999989967688498535e+11,9.999989967688505859e+11]
48933993,27000000000000,28000000000000,20000000000021,27999999999977,[9.999998957673145752e+11,9.999998957673153076e+11]
55212538,28000000000000,29000000000000,20000000000021,28999999999979,[1.000000081058412354e+12,1.000000081058413086e+12]
60915152,29000000000000,30000000000000,20000000000021,29999999999987,[1.000000761702843994e+12,1.000000761702844604e+12]
