6601912,30000000000000,31000000000000,30000000000011,30999999999977,[9.999997427951567383e+11,9.999997427951574707e+11]
12487915,31000000000000,32000000000000,30000000000011,31999999999997,[1.000000092726939697e+12,1.000000092726940430e+12]
18367911,32000000000000,33000000000000,30000000000011,32999999999951,[9.999980217263686523e+11,9.999980217263693848e+11]
24251445,33000000000000,34000000000000,30000000000011,33999999999967,[9.999999581206186523e+11,9.999999581206193848e+11]
30536658,34000000000000,35000000000000,30000000000011,34999999999999,[9.999995744318740234e+11,9.999995744318746338e+11]
37079761,35000000000000,36000000000000,30000000000011,35999999999989,[9.999971802698632812e+11,9.999971802698640137e+11]
43324813,36000000000000,37000000000000,30000000000011,36999999999967,[1.000004474508958984e+12,1.000004474508959595e+12]
49338318,37000000000000,38000000000000,30000000000011,37999999999967,[1.000000742479449463e+12,1.000000742479450195e+12]
55438126,38000000000000,39000000000000,30000000000011,38999999999911,[9.999991927808875732e+11,9.999991927808881836e+11]
61079166,39000000000000,40000000000000,30000000000011,39999999999913,[9.999990224943508301e+11,9.999990224943515625e+11]
