6589173,40000000000000,41000000000000,40000000000001,40999999999993,[9.999998008643376465e+11,9.999998008643382568e+11]
12807859,41000000000000,42000000000000,40000000000001,41999999999999,[1.000001554584651733e+12,1.000001554584652344e+12]
19107351,42000000000000,43000000000000,40000000000001,42999999999991,[9.999989687622966309e+11,9.999989687622973633e+11]
25399020,43000000000000,44000000000000,40000000000001,43999999999981,[1.000000173350530029e+12,1.000000173350530640e+12]
31225505,44000000000000,45000000000000,40000000000001,44999999999953,[9.999995363208450928e+11,9.999995363208458252e+11]
37053005,45000000000000,46000000000000,40000000000001,45999999999911,[9.999987300588375244e+11,9.999987300588381348e+11]
42864999,46000000000000,47000000000000,40000000000001,46999999999957,[9.999983271663619385e+11,9.999983271663625488e+11]
48680273,47000000000000,48000000000000,40000000000001,47999999999977,[1.000002499707536133e+12,1.000002499707536743e+12]
54460825,48000000000000,49000000000000,40000000000001,48999999999997,[1.000001525213714844e+12,1.000001525213715576e+12]
60156128,49000000000000,50000000000000,40000000000001,49999999999981,[9.999978934408320312e+11,9.999978934408327637e+11]
