6652677,50000000000000,51000000000000,50000000000053,50999999999989,[1.000002596726287964e+12,1.000002596726288696e+12]
12974884,51000000000000,52000000000000,50000000000053,51999999999989,[9.999975305229975586e+11,9.999975305229981689e+11]
19175219,52000000000000,53000000000000,50000000000053,52999999999939,[1.000002638104192017e+12,1.000002638104192749e+12]
25606090,53000000000000,54000000000000,50000000000053,53999999999929,[9.999983129099064941e+11,9.999983129099072266e+11]
31589818,54000000000000,55000000000000,50000000000053,54999999999961,[9.999972264195941162e+11,9.999972264195947266e+11]
37432788,55000000000000,56000000000000,50000000000053,55999999999963,[1.000000841314968018e+12,1.000000841314968628e+12]
43731511,56000000000000,57000000000000,50000000000053,56999999999953,[9.999985556416342773e+11,9.999985556416350098e+11]
49867331,57000000000000,58000000000000,50000000000053,57999999999937,[9.999997238875845947e+11,9.999997238875852051e+11]
55978107,58000000000000,59000000000000,50000000000053,58999999999961,[9.999993554674405518e+11,9.999993554674411621e+11]
61534351,59000000000000,60000000000000,50000000000053,59999999999999,[1.000000972844753662e+12,1.000000972844754272e+12]
