6679795,60000000000000,61000000000000,60000000000013,60999999999977,[1.000001037324720581e+12,1.000001037324721313e+12]
13099309,61000000000000,62000000000000,60000000000013,61999999999997,[9.999991138400118408e+11,9.999991138400125732e+11]
19390977,62000000000000,63000000000000,60000000000013,62999999999969,[1.000002945403259155e+12,1.000002945403259888e+12]
25679820,63000000000000,64000000000000,60000000000013,63999999999997,[9.999979625963707275e+11,9.999979625963714600e+11]
31478684,64000000000000,65000000000000,60000000000013,64999999999999,[9.999995051975618896e+11,9.999995051975626221e+11]
37273207,65000000000000,66000000000000,60000000000013,65999999999933,[1.000001252546163696e+12,1.000001252546164429e+12]
43068548,66000000000000,67000000000000,60000000000013,66999999999991,[1.000000210236998535e+12,1.000000210236999146e+12]
48869057,67000000000000,68000000000000,60000000000013,67999999999973,[9.999991055736628418e+11,9.999991055736634521e+11]
54668006,68000000000000,69000000000000,60000000000013,68999999999989,[1.000001778404704346e+12,1.000001778404704956e+12]
60344902,69000000000000,70000000000000,60000000000013,69999999999971,[1.000001108252788452e+12,1.000001108252789185e+12]
