6770509,70000000000000,71000000000000,70000000000009,70999999999963,[9.999994052875712891e+11,9.999994052875720215e+11]
12950748,71000000000000,72000000000000,70000000000009,71999999999959,[1.000003003030490479e+12,1.000003003030491211e+12]
19309216,72000000000000,73000000000000,70000000000009,72999999999973,[9.999969129702749023e+11,9.999969129702755127e+11]
25540321,73000000000000,74000000000000,70000000000009,73999999999987,[9.999968858423588867e+11,9.999968858423596191e+11]
31304543,74000000000000,75000000000000,70000000000009,74999999999987,[9.999996026792655029e+11,9.999996026792661133e+11]
37062425,75000000000000,76000000000000,70000000000009,75999999999949,[1.000000401750175049e+12,1.000000401750175659e+12]
42820088,76000000000000,77000000000000,70000000000009,76999999999969,[1.000000606084408325e+12,1.000000606084409058e+12]
48620747,77000000000000,78000000000000,70000000000009,77999999999983,[9.999995845316594238e+11,9.999995845316600342e+11]
54382104,78000000000000,79000000000000,70000000000009,78999999999953,[1.000000767877693604e+12,1.000000767877694336e+12]
60037337,79000000000000,80000000000000,70000000000009,79999999999993,[9.999986743945314941e+11,9.999986743945325928e+11]
