6324730,80000000000000,81000000000000,80000000000027,80999999999987,[1.000002369118856445e+12,1.000002369118857666e+12]
12059063,81000000000000,82000000000000,80000000000027,81999999999997,[9.999981568238281250e+11,9.999981568238293457e+11]
17793275,82000000000000,83000000000000,80000000000027,82999999999927,[1.000002308895277588e+12,1.000002308895278687e+12]
23528700,83000000000000,84000000000000,80000000000027,83999999999987,[9.999948659353818359e+11,9.999948659353829346e+11]
29541002,84000000000000,85000000000000,80000000000027,84999999999977,[9.999992353389404297e+11,9.999992353389415283e+11]
35520713,85000000000000,86000000000000,80000000000027,85999999999993,[1.000000372948807617e+12,1.000000372948808838e+12]
41776608,86000000000000,87000000000000,80000000000027,86999999999981,[1.000000289401034302e+12,1.000000289401035522e+12]
47917371,87000000000000,88000000000000,80000000000027,87999999999997,[1.000000123606813843e+12,1.000000123606815063e+12]
54223662,88000000000000,89000000000000,80000000000027,88999999999973,[1.000000034641179321e+12,1.000000034641180420e+12]
59830596,89000000000000,90000000000000,80000000000027,89999999999993,[1.000001583826644409e+12,1.000001583826645508e+12]
