6634747,90000000000000,91000000000000,90000000000077,90999999999913,[1.000001095373022827e+12,1.000001095373023926e+12]
12858768,91000000000000,92000000000000,90000000000077,91999999999997,[9.999995228829624023e+11,9.999995228829635010e+11]
19123621,92000000000000,93000000000000,90000000000077,92999999999993,[1.000001282894351562e+12,1.000001282894352661e+12]
25135542,93000000000000,94000000000000,90000000000077,93999999999991,[1.000001967729644897e+12,1.000001967729646118e+12]
30865163,94000000000000,95000000000000,90000000000077,94999999999997,[9.999974156336087646e+11,9.999974156336098633e+11]
36566967,95000000000000,96000000000000,90000000000077,95999999999999,[9.999996754378780518e+11,9.999996754378791504e+11]
42276379,96000000000000,97000000000000,90000000000077,96999999999979,[1.000000847110184814e+12,1.000000847110185913e+12]
47996406,97000000000000,98000000000000,90000000000077,97999999999987,[9.999991506048948975e+11,9.999991506048959961e+11]
53697726,98000000000000,99000000000000,90000000000077,98999999999951,[1.000000554833772339e+12,1.000000554833773438e+12]
59348572,99000000000000,100000000000000,90000000000077,99999999999973,[9.999995593515783691e+11,9.999995593515794678e+11]
