91784,0,10000000000,2,9999999967,[9.999939830657752991e+09,9.999939830657762527e+09]
176875,10000000000,20000000000,2,19999999967,[9.999881932110448837e+09,9.999881932110460281e+09]
262155,20000000000,30000000000,2,29999999993,[9.999950357047201157e+09,9.999950357047212601e+09]
347167,30000000000,40000000000,2,39999999979,[1.000003622896032524e+10,1.000003622896033478e+10]
431556,40000000000,50000000000,2,49999999967,[9.999920031956146240e+09,9.999920031956155777e+09]
516805,50000000000,60000000000,2,59999999999,[1.000004419681886673e+10,1.000004419681887627e+10]
596590,60000000000,70000000000,2,69999999997,[9.999997366653158188e+09,9.999997366653167725e+09]
678586,70000000000,80000000000,2,79999999999,[9.999948412991714478e+09,9.999948412991724014e+09]
761082,80000000000,90000000000,2,89999999993,[9.999926298895254135e+09,9.999926298895263672e+09]
845127,90000000000,100000000000,2,99999999977,[1.000009299701652908e+10,1.000009299701653862e+10]
926863,100000000000,110000000000,2,109999999987,[9.999745601529335022e+09,9.999745601529344559e+09]
1009812,110000000000,120000000000,2,119999999981,[1.000006032627789307e+10,1.000006032627790260e+10]
1094625,120000000000,130000000000,2,129999999949,[1.000023527405401230e+10,1.000023527405402184e+10]
1177276,130000000000,140000000000,2,139999999991,[9.999850496901897430e+09,9.999850496901906967e+09]
1257737,140000000000,150000000000,2,149999999969,[1.000008992826456070e+10,1.000008992826457024e+10]
1337206,150000000000,160000000000,2,159999999983,[9.999876828277023315e+09,9.999876828277032852e+09]
1418033,160000000000,170000000000,2,169999999963,[9.999888304871969223e+09,9.999888304871978760e+09]
1498633,170000000000,180000000000,2,179999999953,[1.000017489217307854e+10,1.000017489217308617e+10]
1579335,180000000000,190000000000,2,189999999983,[9.999840640649513245e+09,9.999840640649522781e+09]
1658399,190000000000,200000000000,2,199999999949,[1.000019553813966370e+10,1.000019553813967323e+10]
1739368,200000000000,210000000000,2,209999999971,[9.999893559417469025e+09,9.999893559417478561e+09]
1819807,210000000000,220000000000,2,219999999977,[9.999949729543523788e+09,9.999949729543533325e+09]
1900478,220000000000,230000000000,2,229999999981,[9.999906421162410736e+09,9.999906421162420273e+09]
1981277,230000000000,240000000000,2,239999999999,[1.000029064193001366e+10,1.000029064193002319e+10]
2061954,240000000000,250000000000,2,249999999973,[9.999647848165817261e+09,9.999647848165826797e+09]
2142530,250000000000,260000000000,2,259999999997,[1.000005273746698189e+10,1.000005273746699142e+10]
2223092,260000000000,270000000000,2,269999999999,[9.999951135580162048e+09,9.999951135580171585e+09]
2301065,270000000000,280000000000,2,279999999997,[9.999988280387176514e+09,9.999988280387186050e+09]
2380354,280000000000,290000000000,2,289999999987,[9.999982354598606110e+09,9.999982354598615646e+09]
2458586,290000000000,300000000000,2,299999999989,[1.000006498749656677e+10,1.000006498749657631e+10]
2538015,300000000000,310000000000,2,309999999983,[1.000000212756334496e+10,1.000000212756335258e+10]
2615516,310000000000,320000000000,2,319999999973,[1.000003484925921059e+10,1.000003484925922012e+10]
2691552,320000000000,330000000000,2,329999999993,[1.000025718197784805e+10,1.000025718197785759e+10]
2768273,330000000000,340000000000,2,339999999973,[9.999928397613554001e+09,9.999928397613563538e+09]
2843771,340000000000,350000000000,2,349999999967,[9.999879302512378693e+09,9.999879302512388229e+09]
2923723,350000000000,360000000000,2,359999999941,[1.000000755467253304e+10,1.000000755467254257e+10]
3001428,360000000000,370000000000,2,369999999997,[9.999916975765113831e+09,9.999916975765123367e+09]
3079295,370000000000,380000000000,2,379999999993,[1.000001233965328217e+10,1.000001233965329170e+10]
3158277,380000000000,390000000000,2,389999999927,[9.999833582523389816e+09,9.999833582523399353e+09]
3235601,390000000000,400000000000,2,399999999977,[9.999805704772689819e+09,9.999805704772699356e+09]
3314991,400000000000,410000000000,2,409999999991,[1.000016539049054146e+10,1.000016539049055099e+10]
3394625,410000000000,420000000000,2,419999999989,[9.999938603270645142e+09,9.999938603270654678e+09]
3471534,420000000000,430000000000,2,429999999967,[1.000001250849072647e+10,1.000001250849073410e+10]
3551916,430000000000,440000000000,2,439999999991,[1.000023697071520233e+10,1.000023697071520996e+10]
3629434,440000000000,450000000000,2,449999999987,[9.999928075070041656e+09,9.999928075070049286e+09]
3705791,450000000000,460000000000,2,459999999997,[9.999967093710414886e+09,9.999967093710424423e+09]
3784654,460000000000,470000000000,2,469999999949,[1.000002616405708885e+10,1.000002616405709839e+10]
3863106,470000000000,480000000000,2,479999999959,[9.999732670558538437e+09,9.999732670558547974e+09]
3939416,480000000000,490000000000,2,489999999961,[1.000008194777131653e+10,1.000008194777132416e+10]
4016841,490000000000,500000000000,2,499999999979,[9.999915122140295029e+09,9.999915122140304565e+09]
4092107,500000000000,510000000000,2,509999999981,[1.000017276887225151e+10,1.000017276887226105e+10]
4170988,510000000000,520000000000,2,519999999997,[9.999995233217666626e+09,9.999995233217674255e+09]
4249205,520000000000,530000000000,2,529999999967,[1.000009948730410385e+10,1.000009948730411339e+10]
4328286,530000000000,540000000000,2,539999999999,[1.000012099216297340e+10,1.000012099216298294e+10]
4408625,540000000000,550000000000,2,549999999959,[9.999826866262378693e+09,9.999826866262388229e+09]
4486344,550000000000,560000000000,2,559999999997,[1.000010337905684471e+10,1.000010337905685425e+10]
4564260,560000000000,570000000000,2,569999999999,[9.999909525708204269e+09,9.999909525708213806e+09]
4641866,570000000000,580000000000,2,579999999977,[9.999974646610656738e+09,9.999974646610666275e+09]
4719054,580000000000,590000000000,2,589999999969,[9.999862560926277161e+09,9.999862560926286697e+09]
4795916,590000000000,600000000000,2,599999999993,[1.000007936873179817e+10,1.000007936873180580e+10]
4872383,600000000000,610000000000,2,609999999913,[9.999860899642580032e+09,9.999860899642589569e+09]
4948267,610000000000,620000000000,2,619999999973,[9.999958754636852264e+09,9.999958754636859894e+09]
5025293,620000000000,630000000000,2,629999999977,[1.000004270192150879e+10,1.000004270192151642e+10]
5102788,630000000000,640000000000,2,639999999979,[9.999875338699897766e+09,9.999875338699907303e+09]
5178856,640000000000,650000000000,2,649999999993,[1.000006141494286537e+10,1.000006141494287491e+10]
5255487,650000000000,660000000000,2,659999999963,[9.999910501453815460e+09,9.999910501453824997e+09]
5332573,660000000000,670000000000,2,669999999953,[1.000010825686375237e+10,1.000010825686376190e+10]
5410037,670000000000,680000000000,2,679999999997,[1.000012871103566742e+10,1.000012871103567696e+10]
5484475,680000000000,690000000000,2,689999999993,[9.999765950291673660e+09,9.999765950291683197e+09]
5561825,690000000000,700000000000,2,699999999989,[1.000003639892016029e+10,1.000003639892016983e+10]
5637001,700000000000,710000000000,2,709999999999,[1.000008906009543037e+10,1.000008906009543991e+10]
5713613,710000000000,720000000000,2,719999999993,[9.999648079191457748e+09,9.999648079191467285e+09]
5789472,720000000000,730000000000,2,729999999947,[1.000021786480134201e+10,1.000021786480135155e+10]
5865126,730000000000,740000000000,2,739999999951,[1.000003634417452431e+10,1.000003634417453384e+10]
5942284,740000000000,750000000000,2,749999999989,[1.000030654781842804e+10,1.000030654781843758e+10]
6018964,750000000000,760000000000,2,759999999959,[9.999963081812795639e+09,9.999963081812805176e+09]
6095985,760000000000,770000000000,2,769999999961,[1.000010447616470528e+10,1.000010447616471291e+10]
6171994,770000000000,780000000000,2,779999999917,[1.000008944062822342e+10,1.000008944062823296e+10]
6249387,780000000000,790000000000,2,789999999991,[9.999631254793514252e+09,9.999631254793521881e+09]
6326115,790000000000,800000000000,2,799999999991,[1.000004812675880241e+10,1.000004812675881004e+10]
6403331,800000000000,810000000000,2,809999999959,[1.000009158735762978e+10,1.000009158735763931e+10]
6481175,810000000000,820000000000,2,819999999997,[1.000015889912298775e+10,1.000015889912299728e+10]
6558886,820000000000,830000000000,2,829999999973,[9.999901096055568695e+09,9.999901096055576324e+09]
6636513,830000000000,840000000000,2,839999999977,[9.999907878361408234e+09,9.999907878361417770e+09]
6713901,840000000000,850000000000,2,849999999977,[1.000003925036770058e+10,1.000003925036770821e+10]
6790966,850000000000,860000000000,2,859999999987,[1.000003582991465187e+10,1.000003582991466141e+10]
6865063,860000000000,870000000000,2,869999999993,[9.999824889728982925e+09,9.999824889728992462e+09]
6943165,870000000000,880000000000,2,879999999979,[1.000007457896398163e+10,1.000007457896399117e+10]
7018853,880000000000,890000000000,2,889999999951,[9.999881468847740173e+09,9.999881468847747803e+09]
7094889,890000000000,900000000000,2,899999999981,[9.999769374146585464e+09,9.999769374146595001e+09]
7172435,900000000000,910000000000,2,909999999983,[1.000012341739782715e+10,1.000012341739783478e+10]
7250058,910000000000,920000000000,2,919999999981,[1.000012232703690338e+10,1.000012232703691292e+10]
7325832,920000000000,930000000000,2,929999999987,[9.999784915701644897e+09,9.999784915701652527e+09]
7403637,930000000000,940000000000,2,939999999973,[1.000007247872531509e+10,1.000007247872532463e+10]
7477169,940000000000,950000000000,2,949999999961,[1.000024397748346901e+10,1.000024397748347664e+10]
7528611,950000000000,960000000000,2,959999999999,[1.000000327646690559e+10,1.000000327646691322e+10]
7580042,960000000000,970000000000,2,969999999977,[9.999800588774175644e+09,9.999800588774185181e+09]
7631452,970000000000,980000000000,2,979999999919,[9.999989114988693237e+09,9.999989114988702774e+09]
7682854,980000000000,990000000000,2,989999999981,[1.000008188623587799e+10,1.000008188623588562e+10]
7734248,990000000000,1000000000000,2,999999999989,[9.999989721333345413e+09,9.999989721333354950e+09]
