75712,1000000000000,1010000000000,1000000000039,1009999999933,[9.999817506154623032e+09,9.999817506154632568e+09]
152316,1010000000000,1020000000000,1000000000039,1019999999989,[9.999803902618373871e+09,9.999803902618383408e+09]
229696,1020000000000,1030000000000,1000000000039,1029999999989,[9.999932184323377609e+09,9.999932184323387146e+09]
301535,1030000000000,1040000000000,1000000000039,1039999999981,[9.999943936214464188e+09,9.999943936214473724e+09]
376829,1040000000000,1050000000000,1000000000039,1049999999987,[1.000015129236960983e+10,1.000015129236961937e+10]
453499,1050000000000,1060000000000,1000000000039,1059999999917,[1.000005849004982185e+10,1.000005849004983139e+10]
527415,1060000000000,1070000000000,1000000000039,1069999999979,[1.000020653306027031e+10,1.000020653306027985e+10]
604686,1070000000000,1080000000000,1000000000039,1079999999999,[9.999887732549148560e+09,9.999887732549156189e+09]
679965,1080000000000,1090000000000,1000000000039,1089999999971,[1.000017935518318176e+10,1.000017935518319130e+10]
754209,1090000000000,1100000000000,1000000000039,1099999999999,[9.999938750557474136e+09,9.999938750557483673e+09]
829052,1100000000000,1110000000000,1000000000039,1109999999981,[9.999691942001403809e+09,9.999691942001413345e+09]
903551,1110000000000,1120000000000,1000000000039,1119999999991,[1.000005614303712082e+10,1.000005614303712845e+10]
979618,1120000000000,1130000000000,1000000000039,1129999999991,[1.000009954161159515e+10,1.000009954161160469e+10]
1053671,1130000000000,1140000000000,1000000000039,1139999999953,[9.999902623223484039e+09,9.999902623223493576e+09]
1129620,1140000000000,1150000000000,1000000000039,1149999999917,[1.000027038011187744e+10,1.000027038011188698e+10]
1205293,1150000000000,1160000000000,1000000000039,1159999999997,[1.000036927114310646e+10,1.000036927114311600e+10]
1281643,1160000000000,1170000000000,1000000000039,1169999999999,[1.000005187293082047e+10,1.000005187293083000e+10]
1357887,1170000000000,1180000000000,1000000000039,1179999999991,[9.999643093424322128e+09,9.999643093424329758e+09]
1433592,1180000000000,1190000000000,1000000000039,1189999999987,[9.999878078989200592e+09,9.999878078989210129e+09]
1508470,1190000000000,1200000000000,1000000000039,1199999999993,[9.999957852280704498e+09,9.999957852280712128e+09]
1584737,1200000000000,1210000000000,1000000000039,1209999999907,[1.000016317149441528e+10,1.000016317149442482e+10]
1659562,1210000000000,1220000000000,1000000000039,1219999999973,[1.000007920852873993e+10,1.000007920852874756e+10]
1732513,1220000000000,1230000000000,1000000000039,1229999999951,[9.999905006765670776e+09,9.999905006765678406e+09]
1805387,1230000000000,1240000000000,1000000000039,1239999999989,[9.999941828348077774e+09,9.999941828348085403e+09]
1881298,1240000000000,1250000000000,1000000000039,1249999999879,[1.000030368154980659e+10,1.000030368154981613e+10]
1957027,1250000000000,1260000000000,1000000000039,1259999999989,[9.999768007891716003e+09,9.999768007891723633e+09]
2032422,1260000000000,1270000000000,1000000000039,1269999999971,[9.999937283607364655e+09,9.999937283607374191e+09]
2107058,1270000000000,1280000000000,1000000000039,1279999999987,[1.000009568346835327e+10,1.000009568346836090e+10]
2182915,1280000000000,1290000000000,1000000000039,1289999999993,[9.999871969299690247e+09,9.999871969299697876e+09]
2260761,1290000000000,1300000000000,1000000000039,1299999999983,[9.999862390277168274e+09,9.999862390277177811e+09]
2337104,1300000000000,1310000000000,1000000000039,1309999999991,[9.999896311267223358e+09,9.999896311267232895e+09]
2413052,1310000000000,1320000000000,1000000000039,1319999999999,[9.999872304695940018e+09,9.999872304695949554e+09]
2487737,1320000000000,1330000000000,1000000000039,1329999999997,[1.000002685511439896e+10,1.000002685511440849e+10]
2563199,1330000000000,1340000000000,1000000000039,1339999999999,[1.000024703521603203e+10,1.000024703521604156e+10]
2636142,1340000000000,1350000000000,1000000000039,1349999999863,[9.999774908129394531e+09,9.999774908129402161e+09]
2710300,1350000000000,1360000000000,1000000000039,1359999999989,[9.999872066067977905e+09,9.999872066067987442e+09]
2785415,1360000000000,1370000000000,1000000000039,1369999999987,[1.000030210651095772e+10,1.000030210651096725e+10]
2861405,1370000000000,1380000000000,1000000000039,1379999999957,[1.000036055920598412e+10,1.000036055920599365e+10]
2937452,1380000000000,1390000000000,1000000000039,1389999999967,[9.999726021414953232e+09,9.999726021414960861e+09]
3013405,1390000000000,1400000000000,1000000000039,1399999999949,[9.999917928589065552e+09,9.999917928589075089e+09]
3086896,1400000000000,1410000000000,1000000000039,1409999999971,[9.999915577789339066e+09,9.999915577789348602e+09]
3161997,1410000000000,1420000000000,1000000000039,1419999999997,[9.999828993354864120e+09,9.999828993354873657e+09]
3236146,1420000000000,1430000000000,1000000000039,1429999999993,[1.000045914390732002e+10,1.000045914390732956e+10]
3311166,1430000000000,1440000000000,1000000000039,1439999999941,[9.999960268284883499e+09,9.999960268284893036e+09]
3387985,1440000000000,1450000000000,1000000000039,1449999999977,[1.000006711651990891e+10,1.000006711651991844e+10]
3463756,1450000000000,1460000000000,1000000000039,1459999999981,[9.999978644328134537e+09,9.999978644328142166e+09]
3539528,1460000000000,1470000000000,1000000000039,1469999999981,[1.000008740705575562e+10,1.000008740705576515e+10]
3614801,1470000000000,1480000000000,1000000000039,1479999999997,[9.999615509293178558e+09,9.999615509293186188e+09]
3689689,1480000000000,1490000000000,1000000000039,1489999999987,[1.000013122928325653e+10,1.000013122928326416e+10]
3764245,1490000000000,1500000000000,1000000000039,1499999999987,[1.000008422509611511e+10,1.000008422509612465e+10]
3835479,1500000000000,1510000000000,1000000000039,1509999999979,[9.999993358392114639e+09,9.999993358392124176e+09]
3910755,1510000000000,1520000000000,1000000000039,1519999999967,[9.999955058276290894e+09,9.999955058276300430e+09]
3986577,1520000000000,1530000000000,1000000000039,1529999999977,[1.000004727679645729e+10,1.000004727679646683e+10]
4062670,1530000000000,1540000000000,1000000000039,1539999999973,[9.999858886120557785e+09,9.999858886120567322e+09]
4140137,1540000000000,1550000000000,1000000000039,1549999999991,[9.999986425814626694e+09,9.999986425814636230e+09]
4216002,1550000000000,1560000000000,1000000000039,1559999999993,[1.000005486045561028e+10,1.000005486045561981e+10]
4292686,1560000000000,1570000000000,1000000000039,1569999999989,[1.000020178283804321e+10,1.000020178283805084e+10]
4369444,1570000000000,1580000000000,1000000000039,1579999999961,[9.999702780827447891e+09,9.999702780827455521e+09]
4446348,1580000000000,1590000000000,1000000000039,1589999999999,[9.999986235306966782e+09,9.999986235306974411e+09]
4522569,1590000000000,1600000000000,1000000000039,1599999999979,[9.999781328662187576e+09,9.999781328662197113e+09]
4598625,1600000000000,1610000000000,1000000000039,1609999999961,[9.999764108211683273e+09,9.999764108211692810e+09]
4675120,1610000000000,1620000000000,1000000000039,1619999999953,[1.000014103809715843e+10,1.000014103809716797e+10]
4748996,1620000000000,1630000000000,1000000000039,1629999999983,[9.999855704747272491e+09,9.999855704747280121e+09]
4825713,1630000000000,1640000000000,1000000000039,1639999999997,[9.999944726623401642e+09,9.999944726623411179e+09]
4900706,1640000000000,1650000000000,1000000000039,1649999999861,[1.000026498693387985e+10,1.000026498693388939e+10]
4977181,1650000000000,1660000000000,1000000000039,1659999999979,[9.999693124373968124e+09,9.999693124373977661e+09]
5051589,1660000000000,1670000000000,1000000000039,1669999999949,[1.000006645348078728e+10,1.000006645348079681e+10]
5126237,1670000000000,1680000000000,1000000000039,1679999999999,[9.999809570656568527e+09,9.999809570656578064e+09]
5200126,1680000000000,1690000000000,1000000000039,1689999999937,[1.000028333402507591e+10,1.000028333402508545e+10]
5275973,1690000000000,1700000000000,1000000000039,1699999999921,[1.000012776699005508e+10,1.000012776699006271e+10]
5352872,1700000000000,1710000000000,1000000000039,1709999999999,[1.000004779848596573e+10,1.000004779848597527e+10]
5428385,1710000000000,1720000000000,1000000000039,1719999999973,[9.999927608568748474e+09,9.999927608568756104e+09]
5501552,1720000000000,1730000000000,1000000000039,1729999999921,[1.000020005428952026e+10,1.000020005428952789e+10]
5576519,1730000000000,1740000000000,1000000000039,1739999999993,[9.999503635203115463e+09,9.999503635203125000e+09]
5652713,1740000000000,1750000000000,1000000000039,1749999999977,[9.999865737565496445e+09,9.999865737565505981e+09]
5726126,1750000000000,1760000000000,1000000000039,1759999999999,[1.000021038981054306e+10,1.000021038981055069e+10]
5800318,1760000000000,1770000000000,1000000000039,1769999999947,[1.000042667258876038e+10,1.000042667258876991e+10]
5875310,1770000000000,1780000000000,1000000000039,1779999999971,[9.999808039174861908e+09,9.999808039174871445e+09]
5951834,1780000000000,1790000000000,1000000000039,1789999999943,[1.000010167525919914e+10,1.000010167525920868e+10]
6025937,1790000000000,1800000000000,1000000000039,1799999999977,[1.000033528713417816e+10,1.000033528713418770e+10]
6102980,1800000000000,1810000000000,1000000000039,1809999999949,[1.000001900329325294e+10,1.000001900329326248e+10]
6177615,1810000000000,1820000000000,1000000000039,1819999999967,[1.000011269485406303e+10,1.000011269485407066e+10]
6249393,1820000000000,1830000000000,1000000000039,1829999999963,[1.000007527254787445e+10,1.000007527254788208e+10]
6324290,1830000000000,1840000000000,1000000000039,1839999999953,[1.000002236880838776e+10,1.000002236880839729e+10]
6399023,1840000000000,1850000000000,1000000000039,1849999999973,[9.999870851040546417e+09,9.999870851040555954e+09]
6477271,1850000000000,1860000000000,1000000000039,1859999999999,[1.000019037399510956e+10,1.000019037399511909e+10]
6552853,1860000000000,1870000000000,1000000000039,1869999999997,[9.999730028030378342e+09,9.999730028030385971e+09]
6626997,1870000000000,1880000000000,1000000000039,1879999999957,[1.000006651087700272e+10,1.000006651087701225e+10]
6702538,1880000000000,1890000000000,1000000000039,1889999999983,[9.999788442654039383e+09,9.999788442654048920e+09]
6778127,1890000000000,1900000000000,1000000000039,1899999999979,[9.999906434459384918e+09,9.999906434459394455e+09]
6853681,1900000000000,1910000000000,1000000000039,1909999999969,[1.000002044382881927e+10,1.000002044382882690e+10]
6927447,1910000000000,1920000000000,1000000000039,1919999999993,[9.999653006136070251e+09,9.999653006136077881e+09]
7003248,1920000000000,1930000000000,1000000000039,1929999999997,[1.000002899534344101e+10,1.000002899534345055e+10]
7078174,1930000000000,1940000000000,1000000000039,1939999999997,[1.000045463856532288e+10,1.000045463856533241e+10]
7153454,1940000000000,1950000000000,1000000000039,1949999999989,[9.999462876917495728e+09,9.999462876917503357e+09]
7226405,1950000000000,1960000000000,1000000000039,1959999999989,[1.000028917606255913e+10,1.000028917606256866e+10]
7302206,1960000000000,1970000000000,1000000000039,1969999999993,[1.000005426195292473e+10,1.000005426195293427e+10]
7368403,1970000000000,1980000000000,1000000000039,1979999999969,[9.999811034591625214e+09,9.999811034591632843e+09]
7418822,1980000000000,1990000000000,1000000000039,1989999999931,[1.000029678208944511e+10,1.000029678208945465e+10]
7469231,1990000000000,2000000000000,1000000000039,1999999999981,[1.000003336242601776e+10,1.000003336242602730e+10]
