77086,2000000000000,2010000000000,2000000000003,2009999999993,[1.000029433392146301e+10,1.000029433392147255e+10]
153588,2010000000000,2020000000000,2000000000003,2019999999971,[1.000001209867601776e+10,1.000001209867602730e+10]
229365,2020000000000,2030000000000,2000000000003,2029999999981,[9.999793955872051239e+09,9.999793955872060776e+09]
304444,2030000000000,2040000000000,2000000000003,2039999999977,[1.000032373497113228e+10,1.000032373497113991e+10]
380502,2040000000000,2050000000000,2000000000003,2049999999977,[1.000013348035024834e+10,1.000013348035025597e+10]
455488,2050000000000,2060000000000,2000000000003,2059999999991,[1.000003682983955002e+10,1.000003682983955956e+10]
532333,2060000000000,2070000000000,2000000000003,2069999999981,[9.999893674607032776e+09,9.999893674607042313e+09]
610106,2070000000000,2080000000000,2000000000003,2079999999977,[9.999948590007890701e+09,9.999948590007898331e+09]
685627,2080000000000,2090000000000,2000000000003,2089999999949,[9.999994909535596848e+09,9.999994909535606384e+09]
760931,2090000000000,2100000000000,2000000000003,2099999999983,[1.000002836366200447e+10,1.000002836366201210e+10]
838071,2100000000000,2110000000000,2000000000003,2109999999977,[9.999778130284826279e+09,9.999778130284835815e+09]
916485,2110000000000,2120000000000,2000000000003,2119999999981,[9.999610748585908890e+09,9.999610748585918427e+09]
991907,2120000000000,2130000000000,2000000000003,2129999999987,[1.000030900526991081e+10,1.000030900526992035e+10]
1070451,2130000000000,2140000000000,2000000000003,2139999999881,[1.000018291055390930e+10,1.000018291055391884e+10]
1148953,2140000000000,2150000000000,2000000000003,2149999999993,[9.999760027302560806e+09,9.999760027302570343e+09]
1220709,2150000000000,2160000000000,2000000000003,2159999999953,[9.999866992005159378e+09,9.999866992005168915e+09]
1297799,2160000000000,2170000000000,2000000000003,2169999999901,[9.999940769156162262e+09,9.999940769156171799e+09]
1371245,2170000000000,2180000000000,2000000000003,2179999999973,[9.999848443536817551e+09,9.999848443536825180e+09]
1444884,2180000000000,2190000000000,2000000000003,2189999999903,[9.999894253555685043e+09,9.999894253555694580e+09]
1518673,2190000000000,2200000000000,2000000000003,2199999999943,[9.999737502668954849e+09,9.999737502668962479e+09]
1594036,2200000000000,2210000000000,2000000000003,2209999999967,[1.000010056683112526e+10,1.000010056683113289e+10]
1667271,2210000000000,2220000000000,2000000000003,2219999999989,[9.999909562777082443e+09,9.999909562777091980e+09]
1742966,2220000000000,2230000000000,2000000000003,2229999999973,[9.999748532591445923e+09,9.999748532591453552e+09]
1816135,2230000000000,2240000000000,2000000000003,2239999999933,[1.000012821568325615e+10,1.000012821568326378e+10]
1889461,2240000000000,2250000000000,2000000000003,2249999999963,[9.999969276033248901e+09,9.999969276033256531e+09]
1961954,2250000000000,2260000000000,2000000000003,2259999999991,[1.000025312957916260e+10,1.000025312957917213e+10]
2037064,2260000000000,2270000000000,2000000000003,2269999999991,[1.000006160325881577e+10,1.000006160325882339e+10]
2111161,2270000000000,2280000000000,2000000000003,2279999999999,[1.000004729668372154e+10,1.000004729668373108e+10]
2186414,2280000000000,2290000000000,2000000000003,2289999999943,[1.000010671673780441e+10,1.000010671673781395e+10]
2261905,2290000000000,2300000000000,2000000000003,2299999999967,[9.999843221882303238e+09,9.999843221882310867e+09]
2337591,2300000000000,2310000000000,2000000000003,2309999999971,[9.999922681178699493e+09,9.999922681178709030e+09]
2414129,2310000000000,2320000000000,2000000000003,2319999999997,[9.999703215639190674e+09,9.999703215639200211e+09]
2488642,2320000000000,2330000000000,2000000000003,2329999999963,[9.999918140850173950e+09,9.999918140850183487e+09]
2563391,2330000000000,2340000000000,2000000000003,2339999999999,[9.999973196780542374e+09,9.999973196780550003e+09]
2639003,2340000000000,2350000000000,2000000000003,2349999999961,[1.000001718629608917e+10,1.000001718629609680e+10]
2713710,2350000000000,2360000000000,2000000000003,2359999999993,[1.000001821656229591e+10,1.000001821656230545e+10]
2788609,2360000000000,2370000000000,2000000000003,2369999999971,[1.000007907649535561e+10,1.000007907649536324e+10]
2864420,2370000000000,2380000000000,2000000000003,2379999999997,[1.000002045757670212e+10,1.000002045757671165e+10]
2939659,2380000000000,2390000000000,2000000000003,2389999999999,[1.000015868490179443e+10,1.000015868490180206e+10]
3012921,2390000000000,2400000000000,2000000000003,2399999999963,[1.000030214708133698e+10,1.000030214708134651e+10]
3088167,2400000000000,2410000000000,2000000000003,2409999999991,[9.999859650412725449e+09,9.999859650412734985e+09]
3162377,2410000000000,2420000000000,2000000000003,2419999999979,[1.000012946545243073e+10,1.000012946545244026e+10]
3237579,2420000000000,2430000000000,2000000000003,2429999999989,[1.000013617091482162e+10,1.000013617091483116e+10]
3312410,2430000000000,2440000000000,2000000000003,2439999999973,[9.999775335979923248e+09,9.999775335979932785e+09]
3387168,2440000000000,2450000000000,2000000000003,2449999999981,[9.999907832086473465e+09,9.999907832086481094e+09]
3461379,2450000000000,2460000000000,2000000000003,2459999999999,[1.000017029057334518e+10,1.000017029057335281e+10]
3535414,2460000000000,2470000000000,2000000000003,2469999999991,[9.999707859266387939e+09,9.999707859266397476e+09]
3608628,2470000000000,2480000000000,2000000000003,2479999999993,[1.000020660353090096e+10,1.000020660353090858e+10]
3684597,2480000000000,2490000000000,2000000000003,2489999999999,[1.000016006914268684e+10,1.000016006914269638e+10]
3759116,2490000000000,2500000000000,2000000000003,2499999999971,[9.999913349901996613e+09,9.999913349902006149e+09]
3835698,2500000000000,2510000000000,2000000000003,2509999999987,[9.999948552486385345e+09,9.999948552486394882e+09]
3908983,2510000000000,2520000000000,2000000000003,2519999999987,[1.000026863099538231e+10,1.000026863099539185e+10]
3983124,2520000000000,2530000000000,2000000000003,2529999999973,[9.999942855754560471e+09,9.999942855754568100e+09]
4056256,2530000000000,2540000000000,2000000000003,2539999999991,[1.000016205233245850e+10,1.000016205233246613e+10]
4130070,2540000000000,2550000000000,2000000000003,2549999999971,[9.999993969551021576e+09,9.999993969551029205e+09]
4201815,2550000000000,2560000000000,2000000000003,2559999999967,[9.999711591109655380e+09,9.999711591109663010e+09]
4273166,2560000000000,2570000000000,2000000000003,2569999999939,[9.999887315623296738e+09,9.999887315623304367e+09]
4346999,2570000000000,2580000000000,2000000000003,2579999999971,[1.000004687736812592e+10,1.000004687736813354e+10]
4419776,2580000000000,2590000000000,2000000000003,2589999999989,[9.999934397921817780e+09,9.999934397921825409e+09]
4496969,2590000000000,2600000000000,2000000000003,2599999999999,[9.999943004719028473e+09,9.999943004719036102e+09]
4572574,2600000000000,2610000000000,2000000000003,2609999999977,[9.999874840442316055e+09,9.999874840442323685e+09]
4644960,2610000000000,2620000000000,2000000000003,2619999999977,[1.000006510798541451e+10,1.000006510798542213e+10]
4719875,2620000000000,2630000000000,2000000000003,2629999999943,[1.000008465156692314e+10,1.000008465156693077e+10]
4798273,2630000000000,2640000000000,2000000000003,2639999999957,[9.999992980885601044e+09,9.999992980885608673e+09]
4874600,2640000000000,2650000000000,2000000000003,2649999999961,[9.999730806257537842e+09,9.999730806257545471e+09]
4947781,2650000000000,2660000000000,2000000000003,2659999999991,[1.000026281359349060e+10,1.000026281359350014e+10]
5022330,2660000000000,2670000000000,2000000000003,2669999999987,[9.999983971947891235e+09,9.999983971947898865e+09]
5097248,2670000000000,2680000000000,2000000000003,2679999999973,[9.999878922504045486e+09,9.999878922504055023e+09]
5171834,2680000000000,2690000000000,2000000000003,2689999999961,[1.000032802806196594e+10,1.000032802806197548e+10]
5246418,2690000000000,2700000000000,2000000000003,2699999999971,[9.999911255108095169e+09,9.999911255108102798e+09]
5321328,2700000000000,2710000000000,2000000000003,2709999999953,[9.999919609647552490e+09,9.999919609647560120e+09]
5395798,2710000000000,2720000000000,2000000000003,2719999999987,[9.999894825672645569e+09,9.999894825672655106e+09]
5474309,2720000000000,2730000000000,2000000000003,2729999999989,[1.000006524251659203e+10,1.000006524251660156e+10]
5550558,2730000000000,2740000000000,2000000000003,2739999999973,[1.000010842818166542e+10,1.000010842818167305e+10]
5626279,2740000000000,2750000000000,2000000000003,2749999999991,[1.000022790256316566e+10,1.000022790256317520e+10]
5701301,2750000000000,2760000000000,2000000000003,2759999999971,[1.000016222420289993e+10,1.000016222420290947e+10]
5774598,2760000000000,2770000000000,2000000000003,2769999999989,[9.999924166805997849e+09,9.999924166806007385e+09]
5851728,2770000000000,2780000000000,2000000000003,2779999999979,[1.000017346153518105e+10,1.000017346153519058e+10]
5928057,2780000000000,2790000000000,2000000000003,2789999999993,[9.999940717684871674e+09,9.999940717684879303e+09]
6004433,2790000000000,2800000000000,2000000000003,2799999999889,[9.999509619408638000e+09,9.999509619408647537e+09]
6077932,2800000000000,2810000000000,2000000000003,2809999999997,[1.000024352093287086e+10,1.000024352093288040e+10]
6152568,2810000000000,2820000000000,2000000000003,2819999999983,[1.000004317312336349e+10,1.000004317312337303e+10]
6226366,2820000000000,2830000000000,2000000000003,2829999999997,[9.999655498980787277e+09,9.999655498980794907e+09]
6300876,2830000000000,2840000000000,2000000000003,2839999999999,[1.000017272357724190e+10,1.000017272357724953e+10]
6376399,2840000000000,2850000000000,2000000000003,2849999999983,[9.999735989225400925e+09,9.999735989225408554e+09]
6445124,2850000000000,2860000000000,2000000000003,2859999999979,[9.999713897820327759e+09,9.999713897820337296e+09]
6519730,2860000000000,2870000000000,2000000000003,2869999999949,[1.000047926223186111e+10,1.000047926223187065e+10]
6596448,2870000000000,2880000000000,2000000000003,2879999999971,[1.000011481776260567e+10,1.000011481776261520e+10]
6665942,2880000000000,2890000000000,2000000000003,2889999999989,[1.000006726491958809e+10,1.000006726491959572e+10]
6740696,2890000000000,2900000000000,2000000000003,2899999999957,[9.999811618278057098e+09,9.999811618278066635e+09]
6817045,2900000000000,2910000000000,2000000000003,2909999999953,[9.999982830530778885e+09,9.999982830530786514e+09]
6892770,2910000000000,2920000000000,2000000000003,2919999999971,[1.000008291907508469e+10,1.000008291907509232e+10]
6968280,2920000000000,2930000000000,2000000000003,2929999999987,[9.999919496539781570e+09,9.999919496539791107e+09]
7043287,2930000000000,2940000000000,2000000000003,2939999999999,[1.000005291822206116e+10,1.000005291822207069e+10]
7118448,2940000000000,2950000000000,2000000000003,2949999999943,[1.000013493260699844e+10,1.000013493260700798e+10]
7193246,2950000000000,2960000000000,2000000000003,2959999999987,[1.000013981024343109e+10,1.000013981024343872e+10]
7262763,2960000000000,2970000000000,2000000000003,2969999999971,[9.999635102741277695e+09,9.999635102741285324e+09]
7335537,2970000000000,2980000000000,2000000000003,2979999999961,[9.999789882722162247e+09,9.999789882722169876e+09]
7410002,2980000000000,2990000000000,2000000000003,2989999999979,[9.999977552125925064e+09,9.999977552125934601e+09]
7484423,2990000000000,3000000000000,2000000000003,2999999999933,[9.999795694378225327e+09,9.999795694378232956e+09]
