72729,3000000000000,3010000000000,3000000000013,3009999999943,[1.000005600655510139e+10,1.000005600655511093e+10]
146336,3010000000000,3020000000000,3000000000013,3019999999927,[9.999975865203912735e+09,9.999975865203920364e+09]
219922,3020000000000,3030000000000,3000000000013,3029999999981,[1.000021361885680962e+10,1.000021361885681915e+10]
295547,3030000000000,3040000000000,3000000000013,3039999999977,[1.000028962923372459e+10,1.000028962923373222e+10]
370697,3040000000000,3050000000000,3000000000013,3049999999999,[9.999610890144618988e+09,9.999610890144626617e+09]
442975,3050000000000,3060000000000,3000000000013,3059999999977,[1.000006199414588737e+10,1.000006199414589500e+10]
517839,3060000000000,3070000000000,3000000000013,3069999999977,[1.000018410524202538e+10,1.000018410524203491e+10]
589904,3070000000000,3080000000000,3000000000013,3079999999961,[9.999857641844257355e+09,9.999857641844266891e+09]
663614,3080000000000,3090000000000,3000000000013,3089999999941,[1.000020109623456001e+10,1.000020109623456955e+10]
737742,3090000000000,3100000000000,3000000000013,3099999999937,[1.000008370021878815e+10,1.000008370021879768e+10]
812210,3100000000000,3110000000000,3000000000013,3109999999957,[1.000012874604380798e+10,1.000012874604381752e+10]
887598,3110000000000,3120000000000,3000000000013,3119999999957,[9.999644649966176987e+09,9.999644649966186523e+09]
960527,3120000000000,3130000000000,3000000000013,3129999999887,[9.999796814928550720e+09,9.999796814928560257e+09]
1034197,3130000000000,3140000000000,3000000000013,3139999999991,[9.999922638598295212e+09,9.999922638598304749e+09]
1103615,3140000000000,3150000000000,3000000000013,3149999999987,[1.000028330171742439e+10,1.000028330171743393e+10]
1177809,3150000000000,3160000000000,3000000000013,3159999999983,[1.000014065828778839e+10,1.000014065828779793e+10]
1252541,3160000000000,3170000000000,3000000000013,3169999999979,[1.000015719850448990e+10,1.000015719850449944e+10]
1326757,3170000000000,3180000000000,3000000000013,3179999999963,[1.000005622901383972e+10,1.000005622901384735e+10]
1400652,3180000000000,3190000000000,3000000000013,3189999999983,[1.000044442520589638e+10,1.000044442520590591e+10]
1476016,3190000000000,3200000000000,3000000000013,3199999999969,[9.999681364221395493e+09,9.999681364221405029e+09]
1549872,3200000000000,3210000000000,3000000000013,3209999999981,[9.999771498216491699e+09,9.999771498216499329e+09]
1620865,3210000000000,3220000000000,3000000000013,3219999999989,[1.000016820369558525e+10,1.000016820369559288e+10]
1694199,3220000000000,3230000000000,3000000000013,3229999999991,[1.000003736330943298e+10,1.000003736330944061e+10]
1768794,3230000000000,3240000000000,3000000000013,3239999999969,[9.999901402111534119e+09,9.999901402111543655e+09]
1845338,3240000000000,3250000000000,3000000000013,3249999999989,[9.999923798501308441e+09,9.999923798501317978e+09]
1919872,3250000000000,3260000000000,3000000000013,3259999999999,[1.000015342888716507e+10,1.000015342888717461e+10]
1994958,3260000000000,3270000000000,3000000000013,3269999999999,[1.000009480507461548e+10,1.000009480507462502e+10]
2069822,3270000000000,3280000000000,3000000000013,3279999999967,[9.999793592767442703e+09,9.999793592767450333e+09]
2143293,3280000000000,3290000000000,3000000000013,3289999999991,[9.999858481323120117e+09,9.999858481323129654e+09]
2217750,3290000000000,3300000000000,3000000000013,3299999999977,[1.000009034897640991e+10,1.000009034897641945e+10]
2289425,3300000000000,3310000000000,3000000000013,3309999999991,[9.999900386538307190e+09,9.999900386538314819e+09]
2361532,3310000000000,3320000000000,3000000000013,3319999999997,[1.000002937671765518e+10,1.000002937671766281e+10]
2433223,3320000000000,3330000000000,3000000000013,3329999999971,[1.000008626031515312e+10,1.000008626031516266e+10]
2507156,3330000000000,3340000000000,3000000000013,3339999999979,[1.000026684741404533e+10,1.000026684741405487e+10]
2582699,3340000000000,3350000000000,3000000000013,3349999999963,[9.999472004873512268e+09,9.999472004873521805e+09]
2659310,3350000000000,3360000000000,3000000000013,3359999999987,[1.000028512121581078e+10,1.000028512121581841e+10]
2735105,3360000000000,3370000000000,3000000000013,3369999999943,[9.999960177965808868e+09,9.999960177965816498e+09]
2808800,3370000000000,3380000000000,3000000000013,3379999999993,[1.000018729506877899e+10,1.000018729506878662e+10]
2882914,3380000000000,3390000000000,3000000000013,3389999999999,[9.999840919647357941e+09,9.999840919647367477e+09]
2955825,3390000000000,3400000000000,3000000000013,3399999999997,[9.999805646813814163e+09,9.999805646813823700e+09]
3029821,3400000000000,3410000000000,3000000000013,3409999999997,[9.999830928258079529e+09,9.999830928258089066e+09]
3102251,3410000000000,3420000000000,3000000000013,3419999999989,[1.000005173625403023e+10,1.000005173625403786e+10]
3172924,3420000000000,3430000000000,3000000000013,3429999999973,[1.000004503199655724e+10,1.000004503199656487e+10]
3244695,3430000000000,3440000000000,3000000000013,3439999999973,[1.000038226435214043e+10,1.000038226435214996e+10]
3315749,3440000000000,3450000000000,3000000000013,3449999999947,[1.000013035468737793e+10,1.000013035468738747e+10]
3390704,3450000000000,3460000000000,3000000000013,3459999999979,[9.999622010313093185e+09,9.999622010313100815e+09]
3466206,3460000000000,3470000000000,3000000000013,3469999999967,[9.999854252438032150e+09,9.999854252438041687e+09]
3537876,3470000000000,3480000000000,3000000000013,3479999999953,[1.000019301310822487e+10,1.000019301310823441e+10]
3612211,3480000000000,3490000000000,3000000000013,3489999999919,[1.000010918313195992e+10,1.000010918313196945e+10]
3686873,3490000000000,3500000000000,3000000000013,3499999999981,[1.000020674679357719e+10,1.000020674679358673e+10]
3761601,3500000000000,3510000000000,3000000000013,3509999999999,[1.000000085306413078e+10,1.000000085306413841e+10]
3836310,3510000000000,3520000000000,3000000000013,3519999999979,[9.999843190380298615e+09,9.999843190380308151e+09]
3910496,3520000000000,3530000000000,3000000000013,3529999999997,[9.999952011681150436e+09,9.999952011681158066e+09]
3984543,3530000000000,3540000000000,3000000000013,3539999999983,[9.999861637496532440e+09,9.999861637496541977e+09]
4058797,3540000000000,3550000000000,3000000000013,3549999999947,[1.000005633242821121e+10,1.000005633242821884e+10]
4130872,3550000000000,3560000000000,3000000000013,3559999999993,[9.999943078157974243e+09,9.999943078157981873e+09]
4204182,3560000000000,3570000000000,3000000000013,3569999999999,[1.000015591459818840e+10,1.000015591459819794e+10]
4279144,3570000000000,3580000000000,3000000000013,3579999999991,[1.000000428252260208e+10,1.000000428252261162e+10]
4353653,3580000000000,3590000000000,3000000000013,3589999999973,[9.999927029006259918e+09,9.999927029006267548e+09]
4422156,3590000000000,3600000000000,3000000000013,3599999999941,[9.999629988225940704e+09,9.999629988225950241e+09]
4495482,3600000000000,3610000000000,3000000000013,3609999999971,[9.999978013374341965e+09,9.999978013374351501e+09]
4566470,3610000000000,3620000000000,3000000000013,3619999999999,[9.999950389142150879e+09,9.999950389142160416e+09]
4640968,3620000000000,3630000000000,3000000000013,3629999999999,[9.999960548225622177e+09,9.999960548225631714e+09]
4711769,3630000000000,3640000000000,3000000000013,3639999999989,[1.000006468113019753e+10,1.000006468113020515e+10]
4785376,3640000000000,3650000000000,3000000000013,3649999999999,[1.000011295424078941e+10,1.000011295424079895e+10]
4860214,3650000000000,3660000000000,3000000000013,3659999999983,[9.999813474378826141e+09,9.999813474378835678e+09]
4934704,3660000000000,3670000000000,3000000000013,3669999999959,[9.999964387649898529e+09,9.999964387649908066e+09]
5009617,3670000000000,3680000000000,3000000000013,3679999999987,[1.000002356498326111e+10,1.000002356498327065e+10]
5084224,3680000000000,3690000000000,3000000000013,3689999999989,[9.999709792048212051e+09,9.999709792048221588e+09]
5158185,3690000000000,3700000000000,3000000000013,3699999999953,[1.000001860392930984e+10,1.000001860392931938e+10]
5232080,3700000000000,3710000000000,3000000000013,3709999999999,[9.999821987398927689e+09,9.999821987398935318e+09]
5304811,3710000000000,3720000000000,3000000000013,3719999999983,[9.999971105887802124e+09,9.999971105887809753e+09]
5379033,3720000000000,3730000000000,3000000000013,3729999999923,[1.000018273360848999e+10,1.000018273360849953e+10]
5451753,3730000000000,3740000000000,3000000000013,3739999999999,[1.000010056762930489e+10,1.000010056762931252e+10]
5524224,3740000000000,3750000000000,3000000000013,3749999999989,[9.999927806367975235e+09,9.999927806367982864e+09]
5598595,3750000000000,3760000000000,3000000000013,3759999999983,[9.999963846670494080e+09,9.999963846670501709e+09]
5672626,3760000000000,3770000000000,3000000000013,3769999999993,[9.999795350405401230e+09,9.999795350405410767e+09]
5747083,3770000000000,3780000000000,3000000000013,3779999999989,[9.999836668534900665e+09,9.999836668534908295e+09]
5821570,3780000000000,3790000000000,3000000000013,3789999999977,[9.999695526655599594e+09,9.999695526655607224e+09]
5896200,3790000000000,3800000000000,3000000000013,3799999999997,[1.000037227762113380e+10,1.000037227762114143e+10]
5968665,3800000000000,3810000000000,3000000000013,3809999999987,[1.000042430084304047e+10,1.000042430084305000e+10]
6044091,3810000000000,3820000000000,3000000000013,3819999999997,[1.000008219678388977e+10,1.000008219678389931e+10]
6118784,3820000000000,3830000000000,3000000000013,3829999999939,[9.999972626762989044e+09,9.999972626762996674e+09]
6193284,3830000000000,3840000000000,3000000000013,3839999999999,[9.999876360140138626e+09,9.999876360140148163e+09]
6268446,3840000000000,3850000000000,3000000000013,3849999999947,[1.000007358677845573e+10,1.000007358677846336e+10]
6341217,3850000000000,3860000000000,3000000000013,3859999999963,[1.000008126569870949e+10,1.000008126569871902e+10]
6415044,3860000000000,3870000000000,3000000000013,3869999999989,[9.999854094086053848e+09,9.999854094086061478e+09]
6488677,3870000000000,3880000000000,3000000000013,3879999999991,[9.999830143634761810e+09,9.999830143634771347e+09]
6563192,3880000000000,3890000000000,3000000000013,3889999999981,[9.999830843647552490e+09,9.999830843647560120e+09]
6637839,3890000000000,3900000000000,3000000000013,3899999999989,[1.000016353572588730e+10,1.000016353572589684e+10]
6712197,3900000000000,3910000000000,3000000000013,3909999999947,[9.999969150391567230e+09,9.999969150391576767e+09]
6785160,3910000000000,3920000000000,3000000000013,3919999999991,[1.000024765487572289e+10,1.000024765487573242e+10]
6859125,3920000000000,3930000000000,3000000000013,3929999999993,[1.000006742172772789e+10,1.000006742172773552e+10]
6932864,3930000000000,3940000000000,3000000000013,3939999999989,[1.000005275058501625e+10,1.000005275058502388e+10]
7007631,3940000000000,3950000000000,3000000000013,3949999999999,[1.000027707446745872e+10,1.000027707446746635e+10]
7081457,3950000000000,3960000000000,3000000000013,3959999999933,[1.000024260433063507e+10,1.000024260433064461e+10]
7154212,3960000000000,3970000000000,3000000000013,3969999999991,[9.999692428391572952e+09,9.999692428391582489e+09]
7227552,3970000000000,3980000000000,3000000000013,3979999999981,[1.000009360202729416e+10,1.000009360202730370e+10]
7302074,3980000000000,3990000000000,3000000000013,3989999999959,[1.000017120612604523e+10,1.000017120612605476e+10]
7375936,3990000000000,4000000000000,3000000000013,3999999999967,[1.000006593732704353e+10,1.000006593732705116e+10]
