74990,4000000000000,4010000000000,4000000000039,4009999999961,[9.999570679766651154e+09,9.999570679766660690e+09]
149030,4010000000000,4020000000000,4000000000039,4019999999969,[1.000006352004706001e+10,1.000006352004706955e+10]
224384,4020000000000,4030000000000,4000000000039,4029999999917,[9.999467797428035736e+09,9.999467797428043365e+09]
299353,4030000000000,4040000000000,4000000000039,4039999999979,[1.000021705650119019e+10,1.000021705650119972e+10]
374119,4040000000000,4050000000000,4000000000039,4049999999999,[9.999633266010749817e+09,9.999633266010757446e+09]
449137,4050000000000,4060000000000,4000000000039,4059999999983,[1.000041031976979828e+10,1.000041031976980782e+10]
523250,4060000000000,4070000000000,4000000000039,4069999999993,[9.999679604464382172e+09,9.999679604464391708e+09]
598260,4070000000000,4080000000000,4000000000039,4079999999993,[9.999751769421459198e+09,9.999751769421468735e+09]
673163,4080000000000,4090000000000,4000000000039,4089999999979,[9.999914434006946564e+09,9.999914434006956100e+09]
747676,4090000000000,4100000000000,4000000000039,4099999999961,[9.999998691771778107e+09,9.999998691771785736e+09]
819410,4100000000000,4110000000000,4000000000039,4109999999951,[1.000022097982148743e+10,1.000022097982149506e+10]
894503,4110000000000,4120000000000,4000000000039,4119999999991,[1.000027487887415695e+10,1.000027487887416458e+10]
969713,4120000000000,4130000000000,4000000000039,4129999999963,[1.000009335409009552e+10,1.000009335409010315e+10]
1044614,4130000000000,4140000000000,4000000000039,4139999999969,[9.999910764388502121e+09,9.999910764388511658e+09]
1118683,4140000000000,4150000000000,4000000000039,4149999999953,[1.000005106470973587e+10,1.000005106470974541e+10]
1193601,4150000000000,4160000000000,4000000000039,4159999999951,[1.000026247690704346e+10,1.000026247690705299e+10]
1266938,4160000000000,4170000000000,4000000000039,4169999999981,[1.000002007771310997e+10,1.000002007771311760e+10]
1340088,4170000000000,4180000000000,4000000000039,4179999999983,[9.999727058138202667e+09,9.999727058138210297e+09]
1413638,4180000000000,4190000000000,4000000000039,4189999999987,[9.999879825621749878e+09,9.999879825621757507e+09]
1485954,4190000000000,4200000000000,4000000000039,4199999999999,[9.999823700277145386e+09,9.999823700277153015e+09]
1561440,4200000000000,4210000000000,4000000000039,4209999999979,[9.999770438133207321e+09,9.999770438133216858e+09]
1636350,4210000000000,4220000000000,4000000000039,4219999999997,[1.000019759747822380e+10,1.000019759747823334e+10]
1711679,4220000000000,4230000000000,4000000000039,4229999999977,[1.000022484115587044e+10,1.000022484115587997e+10]
1786662,4230000000000,4240000000000,4000000000039,4239999999971,[1.000029899451341820e+10,1.000029899451342583e+10]
1859278,4240000000000,4250000000000,4000000000039,4249999999969,[1.000008952785434723e+10,1.000008952785435677e+10]
1932055,4250000000000,4260000000000,4000000000039,4259999999999,[9.999973375050374985e+09,9.999973375050384521e+09]
2001810,4260000000000,4270000000000,4000000000039,4269999999997,[9.999804409592250824e+09,9.999804409592260361e+09]
2074494,4270000000000,4280000000000,4000000000039,4279999999987,[1.000010359849015045e+10,1.000010359849015999e+10]
2147579,4280000000000,4290000000000,4000000000039,4289999999933,[1.000000439781351471e+10,1.000000439781352425e+10]
2220298,4290000000000,4300000000000,4000000000039,4299999999983,[9.999549769425056458e+09,9.999549769425064087e+09]
2294599,4300000000000,4310000000000,4000000000039,4309999999939,[1.000019203834641838e+10,1.000019203834642601e+10]
2366819,4310000000000,4320000000000,4000000000039,4319999999971,[9.999924343945346832e+09,9.999924343945356369e+09]
2440651,4320000000000,4330000000000,4000000000039,4329999999959,[1.000009630732269478e+10,1.000009630732270241e+10]
2514716,4330000000000,4340000000000,4000000000039,4339999999987,[1.000003908546892166e+10,1.000003908546892929e+10]
2588053,4340000000000,4350000000000,4000000000039,4349999999987,[9.999577096518934250e+09,9.999577096518943787e+09]
2662877,4350000000000,4360000000000,4000000000039,4359999999989,[1.000023077442569542e+10,1.000023077442570496e+10]
2737574,4360000000000,4370000000000,4000000000039,4369999999987,[1.000030073014298439e+10,1.000030073014299202e+10]
2812221,4370000000000,4380000000000,4000000000039,4379999999929,[1.000005919336454010e+10,1.000005919336454964e+10]
2886628,4380000000000,4390000000000,4000000000039,4389999999941,[1.000029888556904411e+10,1.000029888556905365e+10]
2960644,4390000000000,4400000000000,4000000000039,4399999999981,[1.000038999499776268e+10,1.000038999499777031e+10]
3034074,4400000000000,4410000000000,4000000000039,4409999999921,[1.000016314047158241e+10,1.000016314047159004e+10]
3108187,4410000000000,4420000000000,4000000000039,4419999999997,[9.999751540117984772e+09,9.999751540117992401e+09]
3181352,4420000000000,4430000000000,4000000000039,4429999999979,[1.000005749027466583e+10,1.000005749027467537e+10]
3254703,4430000000000,4440000000000,4000000000039,4439999999987,[1.000016038936268806e+10,1.000016038936269760e+10]
3327611,4440000000000,4450000000000,4000000000039,4449999999997,[1.000004966360107994e+10,1.000004966360108757e+10]
3397702,4450000000000,4460000000000,4000000000039,4459999999981,[1.000007875610134125e+10,1.000007875610134888e+10]
3471260,4460000000000,4470000000000,4000000000039,4469999999987,[9.999995979892807007e+09,9.999995979892816544e+09]
3542435,4470000000000,4480000000000,4000000000039,4479999999989,[1.000024252490924454e+10,1.000024252490925407e+10]
3615917,4480000000000,4490000000000,4000000000039,4489999999981,[9.999924162522033691e+09,9.999924162522041321e+09]
3689501,4490000000000,4500000000000,4000000000039,4499999999947,[9.999731012814739227e+09,9.999731012814748764e+09]
3762116,4500000000000,4510000000000,4000000000039,4509999999979,[9.999638430336385727e+09,9.999638430336395264e+09]
3834858,4510000000000,4520000000000,4000000000039,4519999999973,[9.999623113922283173e+09,9.999623113922292709e+09]
3910881,4520000000000,4530000000000,4000000000039,4529999999933,[9.999907996774019241e+09,9.999907996774026871e+09]
3984125,4530000000000,4540000000000,4000000000039,4539999999991,[1.000024629258353806e+10,1.000024629258354759e+10]
4057101,4540000000000,4550000000000,4000000000039,4549999999997,[9.999847000724695206e+09,9.999847000724704742e+09]
4129887,4550000000000,4560000000000,4000000000039,4559999999993,[9.999700806971158981e+09,9.999700806971168518e+09]
4203136,4560000000000,4570000000000,4000000000039,4569999999997,[1.000015082904612923e+10,1.000015082904613686e+10]
4275978,4570000000000,4580000000000,4000000000039,4579999999909,[9.999873217255277634e+09,9.999873217255287170e+09]
4345509,4580000000000,4590000000000,4000000000039,4589999999957,[9.999905837899501801e+09,9.999905837899511337e+09]
4419302,4590000000000,4600000000000,4000000000039,4599999999967,[9.999857447754560471e+09,9.999857447754568100e+09]
4490478,4600000000000,4610000000000,4000000000039,4609999999939,[1.000031447060718155e+10,1.000031447060719109e+10]
4562833,4610000000000,4620000000000,4000000000039,4619999999959,[9.999992617185775757e+09,9.999992617185783386e+09]
4635580,4620000000000,4630000000000,4000000000039,4629999999991,[9.999940325694574356e+09,9.999940325694583893e+09]
4709699,4630000000000,4640000000000,4000000000039,4639999999963,[9.999758919399215698e+09,9.999758919399223328e+09]
4780984,4640000000000,4650000000000,4000000000039,4649999999987,[1.000035133380739594e+10,1.000035133380740547e+10]
4854780,4650000000000,4660000000000,4000000000039,4659999999917,[1.000024497924784851e+10,1.000024497924785614e+10]
4928455,4660000000000,4670000000000,4000000000039,4669999999963,[1.000001733955952644e+10,1.000001733955953407e+10]
5002116,4670000000000,4680000000000,4000000000039,4679999999989,[9.999936902745183945e+09,9.999936902745191574e+09]
5071151,4680000000000,4690000000000,4000000000039,4689999999901,[1.000016976954836273e+10,1.000016976954837036e+10]
5146847,4690000000000,4700000000000,4000000000039,4699999999979,[1.000012057276426697e+10,1.000012057276427650e+10]
5221357,4700000000000,4710000000000,4000000000039,4709999999927,[1.000010133177502823e+10,1.000010133177503777e+10]
5295750,4710000000000,4720000000000,4000000000039,4719999999943,[9.999809403389053345e+09,9.999809403389062881e+09]
5369675,4720000000000,4730000000000,4000000000039,4729999999993,[1.000003100902457809e+10,1.000003100902458763e+10]
5444415,4730000000000,4740000000000,4000000000039,4739999999993,[9.999991735462949753e+09,9.999991735462957382e+09]
5518961,4740000000000,4750000000000,4000000000039,4749999999991,[9.999891133553384781e+09,9.999891133553392410e+09]
5590786,4750000000000,4760000000000,4000000000039,4759999999987,[1.000016126158256912e+10,1.000016126158257675e+10]
5664621,4760000000000,4770000000000,4000000000039,4769999999939,[1.000021660143624687e+10,1.000021660143625450e+10]
5738461,4770000000000,4780000000000,4000000000039,4779999999977,[9.999240290716007233e+09,9.999240290716014862e+09]
5811865,4780000000000,4790000000000,4000000000039,4789999999973,[1.000005933359920692e+10,1.000005933359921646e+10]
5881825,4790000000000,4800000000000,4000000000039,4799999999981,[1.000004041028964996e+10,1.000004041028965950e+10]
5952556,4800000000000,4810000000000,4000000000039,4809999999977,[9.999844706877401352e+09,9.999844706877408981e+09]
6025914,4810000000000,4820000000000,4000000000039,4819999999999,[1.000013388999560547e+10,1.000013388999561501e+10]
6099348,4820000000000,4830000000000,4000000000039,4829999999999,[9.999910119524168015e+09,9.999910119524175644e+09]
6173131,4830000000000,4840000000000,4000000000039,4839999999973,[9.999621232154424667e+09,9.999621232154434204e+09]
6246989,4840000000000,4850000000000,4000000000039,4849999999973,[9.999789217812942505e+09,9.999789217812950134e+09]
6321858,4850000000000,4860000000000,4000000000039,4859999999989,[1.000058921109555817e+10,1.000058921109556770e+10]
6394542,4860000000000,4870000000000,4000000000039,4869999999971,[1.000042354276023674e+10,1.000042354276024628e+10]
6468047,4870000000000,4880000000000,4000000000039,4879999999937,[9.999951090372688293e+09,9.999951090372697830e+09]
6541847,4880000000000,4890000000000,4000000000039,4889999999993,[1.000056770311366463e+10,1.000056770311367226e+10]
6615738,4890000000000,4900000000000,4000000000039,4899999999977,[9.999736293745428085e+09,9.999736293745437622e+09]
6688748,4900000000000,4910000000000,4000000000039,4909999999921,[1.000001081963736153e+10,1.000001081963737106e+10]
6761279,4910000000000,4920000000000,4000000000039,4919999999969,[1.000007154518548965e+10,1.000007154518549919e+10]
6835024,4920000000000,4930000000000,4000000000039,4929999999937,[9.999538865496145248e+09,9.999538865496152878e+09]
6908846,4930000000000,4940000000000,4000000000039,4939999999973,[9.999829842522663116e+09,9.999829842522672653e+09]
6981955,4940000000000,4950000000000,4000000000039,4949999999993,[9.999935737398038864e+09,9.999935737398048401e+09]
7055559,4950000000000,4960000000000,4000000000039,4959999999989,[1.000008169244538116e+10,1.000008169244538879e+10]
7128655,4960000000000,4970000000000,4000000000039,4969999999969,[1.000015190567308998e+10,1.000015190567309952e+10]
7202843,4970000000000,4980000000000,4000000000039,4979999999951,[9.999936492359935760e+09,9.999936492359943390e+09]
7275849,4980000000000,4990000000000,4000000000039,4989999999979,[9.999845855455978394e+09,9.999845855455986023e+09]
7352266,4990000000000,5000000000000,4000000000039,4999999999937,[1.000034159030552483e+10,1.000034159030553246e+10]
