71505,5000000000000,5010000000000,5000000000053,5009999999971,[9.999905652585870743e+09,9.999905652585878372e+09]
144699,5010000000000,5020000000000,5000000000053,5019999999977,[1.000010530768707848e+10,1.000010530768708611e+10]
217932,5020000000000,5030000000000,5000000000053,5029999999951,[1.000021209459770966e+10,1.000021209459771729e+10]
292429,5030000000000,5040000000000,5000000000053,5039999999981,[9.999579205852672577e+09,9.999579205852682114e+09]
365059,5040000000000,5050000000000,5000000000053,5049999999997,[1.000030243003934669e+10,1.000030243003935623e+10]
438879,5050000000000,5060000000000,5000000000053,5059999999937,[1.000017330666317749e+10,1.000017330666318703e+10]
511726,5060000000000,5070000000000,5000000000053,5069999999983,[9.999628720026193619e+09,9.999628720026203156e+09]
586448,5070000000000,5080000000000,5000000000053,5079999999967,[1.000023398282496262e+10,1.000023398282497025e+10]
657037,5080000000000,5090000000000,5000000000053,5089999999999,[1.000015042993137550e+10,1.000015042993138504e+10]
729401,5090000000000,5100000000000,5000000000053,5099999999999,[1.000007875637633896e+10,1.000007875637634850e+10]
803267,5100000000000,5110000000000,5000000000053,5109999999997,[1.000011185468037605e+10,1.000011185468038559e+10]
876398,5110000000000,5120000000000,5000000000053,5119999999993,[1.000001760038750458e+10,1.000001760038751221e+10]
949214,5120000000000,5130000000000,5000000000053,5129999999987,[9.999790112707860947e+09,9.999790112707870483e+09]
1023870,5130000000000,5140000000000,5000000000053,5139999999989,[9.999992216082042694e+09,9.999992216082050323e+09]
1097609,5140000000000,5150000000000,5000000000053,5149999999979,[9.999962993585765839e+09,9.999962993585773468e+09]
1167763,5150000000000,5160000000000,5000000000053,5159999999963,[1.000014458188880920e+10,1.000014458188881874e+10]
1241767,5160000000000,5170000000000,5000000000053,5169999999947,[9.999925416976249695e+09,9.999925416976259232e+09]
1316063,5170000000000,5180000000000,5000000000053,5179999999973,[1.000016744654479027e+10,1.000016744654479790e+10]
1390561,5180000000000,5190000000000,5000000000053,5189999999963,[9.999902571320121765e+09,9.999902571320129395e+09]
1464168,5190000000000,5200000000000,5000000000053,5199999999967,[1.000004383689251518e+10,1.000004383689252281e+10]
1536911,5200000000000,5210000000000,5000000000053,5209999999957,[9.999952504554698944e+09,9.999952504554706573e+09]
1609990,5210000000000,5220000000000,5000000000053,5219999999983,[1.000004980530153084e+10,1.000004980530154037e+10]
1684139,5220000000000,5230000000000,5000000000053,5229999999949,[9.999782931777051926e+09,9.999782931777061462e+09]
1756747,5230000000000,5240000000000,5000000000053,5239999999991,[1.000001194983841705e+10,1.000001194983842659e+10]
1830013,5240000000000,5250000000000,5000000000053,5249999999999,[1.000044412655468559e+10,1.000044412655469513e+10]
1902445,5250000000000,5260000000000,5000000000053,5259999999971,[9.999795495548532486e+09,9.999795495548542023e+09]
1975559,5260000000000,5270000000000,5000000000053,5269999999991,[1.000003024174659729e+10,1.000003024174660683e+10]
2048242,5270000000000,5280000000000,5000000000053,5279999999971,[9.999652449194355011e+09,9.999652449194364548e+09]
2117939,5280000000000,5290000000000,5000000000053,5289999999967,[1.000008753922636604e+10,1.000008753922637367e+10]
2186757,5290000000000,5300000000000,5000000000053,5299999999997,[1.000002836949697304e+10,1.000002836949698257e+10]
2260386,5300000000000,5310000000000,5000000000053,5309999999987,[9.999988847732353210e+09,9.999988847732362747e+09]
2332398,5310000000000,5320000000000,5000000000053,5319999999983,[9.999951268420799255e+09,9.999951268420808792e+09]
2405570,5320000000000,5330000000000,5000000000053,5329999999981,[1.000006281388481140e+10,1.000006281388482094e+10]
2478393,5330000000000,5340000000000,5000000000053,5339999999981,[9.999841468118330002e+09,9.999841468118337631e+09]
2551993,5340000000000,5350000000000,5000000000053,5349999999989,[9.999909717878353119e+09,9.999909717878362656e+09]
2625871,5350000000000,5360000000000,5000000000053,5359999999951,[9.999939952654857635e+09,9.999939952654865265e+09]
2698933,5360000000000,5370000000000,5000000000053,5369999999999,[9.999736449222995758e+09,9.999736449223003387e+09]
2776014,5370000000000,5380000000000,5000000000053,5379999999929,[1.000021279372728348e+10,1.000021279372729301e+10]
2849159,5380000000000,5390000000000,5000000000053,5389999999997,[9.999985414533985138e+09,9.999985414533992767e+09]
2922733,5390000000000,5400000000000,5000000000053,5399999999981,[9.999816322774988174e+09,9.999816322774997711e+09]
2992657,5400000000000,5410000000000,5000000000053,5409999999979,[9.999573040413831711e+09,9.999573040413839340e+09]
3065066,5410000000000,5420000000000,5000000000053,5419999999993,[9.999844244887680054e+09,9.999844244887689590e+09]
3138314,5420000000000,5430000000000,5000000000053,5429999999989,[9.999903600080261230e+09,9.999903600080270767e+09]
3211949,5430000000000,5440000000000,5000000000053,5439999999961,[1.000001989793773651e+10,1.000001989793774414e+10]
3285013,5440000000000,5450000000000,5000000000053,5449999999999,[9.999729113919824600e+09,9.999729113919834137e+09]
3357932,5450000000000,5460000000000,5000000000053,5459999999953,[1.000033029143302917e+10,1.000033029143303871e+10]
3426987,5460000000000,5470000000000,5000000000053,5469999999983,[9.999833874290590286e+09,9.999833874290597916e+09]
3500162,5470000000000,5480000000000,5000000000053,5479999999939,[9.999913344382804871e+09,9.999913344382812500e+09]
3570984,5480000000000,5490000000000,5000000000053,5489999999987,[1.000038292799867821e+10,1.000038292799868584e+10]
3644203,5490000000000,5500000000000,5000000000053,5499999999979,[1.000027151755601311e+10,1.000027151755602074e+10]
3718191,5500000000000,5510000000000,5000000000053,5509999999853,[9.999775924193019867e+09,9.999775924193029404e+09]
3790072,5510000000000,5520000000000,5000000000053,5519999999963,[1.000018019823048210e+10,1.000018019823048973e+10]
3863561,5520000000000,5530000000000,5000000000053,5529999999991,[9.999958592137586594e+09,9.999958592137594223e+09]
3932825,5530000000000,5540000000000,5000000000053,5539999999987,[1.000021548665879440e+10,1.000021548665880203e+10]
4004610,5540000000000,5550000000000,5000000000053,5549999999939,[9.999519791890193939e+09,9.999519791890201569e+09]
4076972,5550000000000,5560000000000,5000000000053,5559999999997,[9.999843142883207321e+09,9.999843142883214951e+09]
4150673,5560000000000,5570000000000,5000000000053,5569999999981,[9.999870595691299438e+09,9.999870595691308975e+09]
4224811,5570000000000,5580000000000,5000000000053,5579999999953,[1.000027880307389259e+10,1.000027880307390022e+10]
4297220,5580000000000,5590000000000,5000000000053,5589999999977,[1.000026018049774551e+10,1.000026018049775314e+10]
4368514,5590000000000,5600000000000,5000000000053,5599999999981,[9.999940633425222397e+09,9.999940633425231934e+09]
4442660,5600000000000,5610000000000,5000000000053,5609999999993,[9.999760135943378448e+09,9.999760135943386078e+09]
4517347,5610000000000,5620000000000,5000000000053,5619999999907,[9.999892548743791580e+09,9.999892548743799210e+09]
4591594,5620000000000,5630000000000,5000000000053,5629999999999,[1.000007641636155510e+10,1.000007641636156273e+10]
4663153,5630000000000,5640000000000,5000000000053,5639999999989,[1.000014201863092041e+10,1.000014201863092804e+10]
4736741,5640000000000,5650000000000,5000000000053,5649999999983,[9.999915911929746628e+09,9.999915911929754257e+09]
4813649,5650000000000,5660000000000,5000000000053,5659999999957,[1.000028081375914192e+10,1.000028081375915146e+10]
4887939,5660000000000,5670000000000,5000000000053,5669999999999,[9.999886095741460800e+09,9.999886095741468430e+09]
4960348,5670000000000,5680000000000,5000000000053,5679999999977,[1.000025501091431236e+10,1.000025501091432190e+10]
5031733,5680000000000,5690000000000,5000000000053,5689999999969,[9.999809555481943130e+09,9.999809555481952667e+09]
5104464,5690000000000,5700000000000,5000000000053,5699999999987,[9.999973687850662231e+09,9.999973687850671768e+09]
5177548,5700000000000,5710000000000,5000000000053,5709999999983,[1.000031436219334602e+10,1.000031436219335556e+10]
5252676,5710000000000,5720000000000,5000000000053,5719999999997,[1.000003771554964638e+10,1.000003771554965591e+10]
5323130,5720000000000,5730000000000,5000000000053,5729999999981,[9.999396659386255264e+09,9.999396659386264801e+09]
5393427,5730000000000,5740000000000,5000000000053,5739999999967,[1.000017570292151260e+10,1.000017570292152214e+10]
5469107,5740000000000,5750000000000,5000000000053,5749999999987,[9.999962717298305511e+09,9.999962717298313141e+09]
5543498,5750000000000,5760000000000,5000000000053,5759999999993,[1.000020124623741531e+10,1.000020124623742294e+10]
5617854,5760000000000,5770000000000,5000000000053,5769999999983,[1.000009927358207512e+10,1.000009927358208275e+10]
5690523,5770000000000,5780000000000,5000000000053,5779999999979,[9.999853099277648926e+09,9.999853099277656555e+09]
5763301,5780000000000,5790000000000,5000000000053,5789999999983,[9.999486699476289749e+09,9.999486699476297379e+09]
5838050,5790000000000,5800000000000,5000000000053,5799999999991,[1.000005197297467613e+10,1.000005197297468376e+10]
5913317,5800000000000,5810000000000,5000000000053,5809999999981,[1.000011587258649063e+10,1.000011587258650017e+10]
5984155,5810000000000,5820000000000,5000000000053,5819999999999,[9.999792031048055649e+09,9.999792031048065186e+09]
6059329,5820000000000,5830000000000,5000000000053,5829999999949,[9.999931070248512268e+09,9.999931070248519897e+09]
6131929,5830000000000,5840000000000,5000000000053,5839999999979,[1.000034048697133255e+10,1.000034048697134018e+10]
6205486,5840000000000,5850000000000,5000000000053,5849999999993,[9.999939274446649551e+09,9.999939274446659088e+09]
6275424,5850000000000,5860000000000,5000000000053,5859999999979,[1.000015687191837502e+10,1.000015687191838264e+10]
6349374,5860000000000,5870000000000,5000000000053,5869999999973,[9.999989338747777939e+09,9.999989338747787476e+09]
6423707,5870000000000,5880000000000,5000000000053,5879999999989,[9.999964544323923111e+09,9.999964544323930740e+09]
6494414,5880000000000,5890000000000,5000000000053,5889999999997,[1.000014519561165047e+10,1.000014519561165810e+10]
6566678,5890000000000,5900000000000,5000000000053,5899999999987,[9.999978792217716217e+09,9.999978792217725754e+09]
6640865,5900000000000,5910000000000,5000000000053,5909999999999,[1.000035043291705513e+10,1.000035043291706276e+10]
6714273,5910000000000,5920000000000,5000000000053,5919999999943,[9.999734793753574371e+09,9.999734793753583908e+09]
6788455,5920000000000,5930000000000,5000000000053,5929999999999,[9.999950662899162292e+09,9.999950662899171829e+09]
6861527,5930000000000,5940000000000,5000000000053,5939999999957,[1.000002001180244255e+10,1.000002001180245018e+10]
6934262,5940000000000,5950000000000,5000000000053,5949999999961,[9.999955564964775085e+09,9.999955564964782715e+09]
7005745,5950000000000,5960000000000,5000000000053,5959999999979,[9.999803195763664246e+09,9.999803195763673782e+09]
7076946,5960000000000,5970000000000,5000000000053,5969999999989,[1.000007512258773994e+10,1.000007512258774948e+10]
7150070,5970000000000,5980000000000,5000000000053,5979999999997,[1.000007247477636147e+10,1.000007247477637100e+10]
7222779,5980000000000,5990000000000,5000000000053,5989999999999,[9.999941445720746994e+09,9.999941445720754623e+09]
7296748,5990000000000,6000000000000,5000000000053,5999999999891,[1.000002007418453026e+10,1.000002007418453789e+10]
