75045,6000000000000,6010000000000,6000000000023,6009999999967,[9.999637189077577591e+09,9.999637189077587128e+09]
148393,6010000000000,6020000000000,6000000000023,6019999999999,[1.000001151599143410e+10,1.000001151599144173e+10]
221822,6020000000000,6030000000000,6000000000023,6029999999957,[1.000001681357727242e+10,1.000001681357728195e+10]
293886,6030000000000,6040000000000,6000000000023,6039999999961,[9.999611610107238770e+09,9.999611610107246399e+09]
365426,6040000000000,6050000000000,6000000000023,6049999999991,[1.000021608872055626e+10,1.000021608872056389e+10]
437809,6050000000000,6060000000000,6000000000023,6059999999959,[1.000007542899322319e+10,1.000007542899323082e+10]
509131,6060000000000,6070000000000,6000000000023,6069999999949,[1.000019701690928268e+10,1.000019701690929031e+10]
581662,6070000000000,6080000000000,6000000000023,6079999999873,[9.999722423959323883e+09,9.999722423959333420e+09]
654767,6080000000000,6090000000000,6000000000023,6089999999987,[9.999962694802745819e+09,9.999962694802755356e+09]
728372,6090000000000,6100000000000,6000000000023,6099999999979,[9.999676470836645126e+09,9.999676470836654663e+09]
798896,6100000000000,6110000000000,6000000000023,6109999999969,[9.999786216295444489e+09,9.999786216295452118e+09]
869054,6110000000000,6120000000000,6000000000023,6119999999999,[9.999924623923974991e+09,9.999924623923984528e+09]
941007,6120000000000,6130000000000,6000000000023,6129999999979,[1.000022274694039154e+10,1.000022274694040108e+10]
1011342,6130000000000,6140000000000,6000000000023,6139999999981,[1.000030080489439774e+10,1.000030080489440727e+10]
1083088,6140000000000,6150000000000,6000000000023,6149999999849,[1.000023879463970757e+10,1.000023879463971519e+10]
1155838,6150000000000,6160000000000,6000000000023,6159999999961,[1.000016404510315514e+10,1.000016404510316467e+10]
1228772,6160000000000,6170000000000,6000000000023,6169999999931,[9.999847494179546356e+09,9.999847494179555893e+09]
1300139,6170000000000,6180000000000,6000000000023,6179999999969,[9.999888759494033813e+09,9.999888759494041443e+09]
1372807,6180000000000,6190000000000,6000000000023,6189999999991,[9.999781452798686981e+09,9.999781452798696518e+09]
1444985,6190000000000,6200000000000,6000000000023,6199999999891,[1.000020776562253952e+10,1.000020776562254715e+10]
1517074,6200000000000,6210000000000,6000000000023,6209999999989,[1.000027345165401077e+10,1.000027345165401840e+10]
1587599,6210000000000,6220000000000,6000000000023,6219999999973,[9.999829292857807159e+09,9.999829292857816696e+09]
1660252,6220000000000,6230000000000,6000000000023,6229999999973,[9.999498475972770691e+09,9.999498475972778320e+09]
1733808,6230000000000,6240000000000,6000000000023,6239999999971,[1.000024262218901634e+10,1.000024262218902588e+10]
1808097,6240000000000,6250000000000,6000000000023,6249999999983,[1.000012031709072495e+10,1.000012031709073257e+10]
1881138,6250000000000,6260000000000,6000000000023,6259999999973,[1.000035760418608093e+10,1.000035760418608856e+10]
1956056,6260000000000,6270000000000,6000000000023,6269999999971,[1.000001724883176804e+10,1.000001724883177567e+10]
2032292,6270000000000,6280000000000,6000000000023,6279999999947,[9.999628902692037582e+09,9.999628902692047119e+09]
2109757,6280000000000,6290000000000,6000000000023,6289999999993,[1.000012116745522690e+10,1.000012116745523453e+10]
2183472,6290000000000,6300000000000,6000000000023,6299999999927,[1.000064370863848877e+10,1.000064370863849831e+10]
2256512,6300000000000,6310000000000,6000000000023,6309999999977,[1.000000801877603531e+10,1.000000801877604485e+10]
2329583,6310000000000,6320000000000,6000000000023,6319999999981,[1.000000919335270309e+10,1.000000919335271263e+10]
2402310,6320000000000,6330000000000,6000000000023,6329999999977,[9.999696406765596390e+09,9.999696406765605927e+09]
2475985,6330000000000,6340000000000,6000000000023,6339999999979,[9.999815605805242538e+09,9.999815605805250168e+09]
2547962,6340000000000,6350000000000,6000000000023,6349999999997,[9.999847394782783508e+09,9.999847394782791138e+09]
2620557,6350000000000,6360000000000,6000000000023,6359999999999,[9.999767885298788071e+09,9.999767885298797607e+09]
2692263,6360000000000,6370000000000,6000000000023,6369999999959,[9.999640595796525955e+09,9.999640595796533585e+09]
2764943,6370000000000,6380000000000,6000000000023,6379999999993,[1.000044385840299225e+10,1.000044385840300179e+10]
2836905,6380000000000,6390000000000,6000000000023,6389999999993,[1.000033346353285789e+10,1.000033346353286552e+10]
2905624,6390000000000,6400000000000,6000000000023,6399999999983,[9.999834068160198212e+09,9.999834068160205841e+09]
2978936,6400000000000,6410000000000,6000000000023,6409999999999,[1.000002344492182541e+10,1.000002344492183304e+10]
3052740,6410000000000,6420000000000,6000000000023,6419999999989,[1.000007855888292885e+10,1.000007855888293648e+10]
3126175,6420000000000,6430000000000,6000000000023,6429999999967,[1.000024830501770973e+10,1.000024830501771927e+10]
3201176,6430000000000,6440000000000,6000000000023,6439999999981,[9.999848205748855591e+09,9.999848205748863220e+09]
3276927,6440000000000,6450000000000,6000000000023,6449999999983,[1.000035074247657967e+10,1.000035074247658730e+10]
3349611,6450000000000,6460000000000,6000000000023,6459999999997,[1.000008023089990997e+10,1.000008023089991760e+10]
3423196,6460000000000,6470000000000,6000000000023,6469999999979,[1.000009958349544334e+10,1.000009958349545097e+10]
3496609,6470000000000,6480000000000,6000000000023,6479999999999,[9.999997832970783234e+09,9.999997832970790863e+09]
3570559,6480000000000,6490000000000,6000000000023,6489999999937,[9.999956100756526947e+09,9.999956100756534576e+09]
3643865,6490000000000,6500000000000,6000000000023,6499999999993,[1.000019931618963432e+10,1.000019931618964386e+10]
3716401,6500000000000,6510000000000,6000000000023,6509999999897,[1.000013129143975639e+10,1.000013129143976402e+10]
3787637,6510000000000,6520000000000,6000000000023,6519999999959,[1.000011519317460632e+10,1.000011519317461586e+10]
3860652,6520000000000,6530000000000,6000000000023,6529999999979,[9.999905465411432266e+09,9.999905465411441803e+09]
3933893,6530000000000,6540000000000,6000000000023,6539999999959,[1.000016747937186813e+10,1.000016747937187767e+10]
4007207,6540000000000,6550000000000,6000000000023,6549999999989,[1.000008156754879951e+10,1.000008156754880714e+10]
4080531,6550000000000,6560000000000,6000000000023,6559999999981,[9.999405674179536819e+09,9.999405674179546356e+09]
4153892,6560000000000,6570000000000,6000000000023,6569999999987,[1.000013438794291687e+10,1.000013438794292641e+10]
4226886,6570000000000,6580000000000,6000000000023,6579999999997,[1.000004951273464966e+10,1.000004951273465919e+10]
4301376,6580000000000,6590000000000,6000000000023,6589999999909,[9.999953637817401886e+09,9.999953637817411423e+09]
4374699,6590000000000,6600000000000,6000000000023,6599999999981,[1.000045499556228447e+10,1.000045499556229401e+10]
4448382,6600000000000,6610000000000,6000000000023,6609999999983,[1.000013581692435455e+10,1.000013581692436409e+10]
4521326,6610000000000,6620000000000,6000000000023,6619999999999,[9.999815973456546783e+09,9.999815973456556320e+09]
4593964,6620000000000,6630000000000,6000000000023,6629999999981,[9.999674729126050949e+09,9.999674729126060486e+09]
4666468,6630000000000,6640000000000,6000000000023,6639999999943,[1.000003715026471329e+10,1.000003715026472282e+10]
4741309,6640000000000,6650000000000,6000000000023,6649999999969,[1.000045322312569427e+10,1.000045322312570381e+10]
4813095,6650000000000,6660000000000,6000000000023,6659999999951,[1.000015132997834969e+10,1.000015132997835732e+10]
4883944,6660000000000,6670000000000,6000000000023,6669999999991,[9.999587326010534286e+09,9.999587326010541916e+09]
4956187,6670000000000,6680000000000,6000000000023,6679999999993,[9.999802932072534561e+09,9.999802932072544098e+09]
5029416,6680000000000,6690000000000,6000000000023,6689999999993,[1.000010172641736031e+10,1.000010172641736984e+10]
5100856,6690000000000,6700000000000,6000000000023,6699999999989,[1.000013626264673996e+10,1.000013626264674950e+10]
5174388,6700000000000,6710000000000,6000000000023,6709999999973,[1.000032842611341286e+10,1.000032842611342239e+10]
5247857,6710000000000,6720000000000,6000000000023,6719999999971,[9.999808618866634369e+09,9.999808618866643906e+09]
5319374,6720000000000,6730000000000,6000000000023,6729999999941,[9.999830186066516876e+09,9.999830186066524506e+09]
5391934,6730000000000,6740000000000,6000000000023,6739999999973,[1.000009499017498589e+10,1.000009499017499542e+10]
5466290,6740000000000,6750000000000,6000000000023,6749999999989,[9.999761105221052170e+09,9.999761105221059799e+09]
5539137,6750000000000,6760000000000,6000000000023,6759999999989,[1.000005071364869499e+10,1.000005071364870453e+10]
5612372,6760000000000,6770000000000,6000000000023,6769999999993,[1.000022998709833908e+10,1.000022998709834862e+10]
5685248,6770000000000,6780000000000,6000000000023,6779999999951,[9.999964580885118484e+09,9.999964580885126114e+09]
5757191,6780000000000,6790000000000,6000000000023,6789999999997,[1.000001208045069313e+10,1.000001208045070267e+10]
5828005,6790000000000,6800000000000,6000000000023,6799999999997,[1.000012126298551941e+10,1.000012126298552895e+10]
5902310,6800000000000,6810000000000,6000000000023,6809999999977,[9.999484424924919128e+09,9.999484424924926758e+09]
5974786,6810000000000,6820000000000,6000000000023,6819999999971,[1.000016453179348183e+10,1.000016453179349136e+10]
6045827,6820000000000,6830000000000,6000000000023,6829999999967,[9.999688049582818985e+09,9.999688049582826614e+09]
6117280,6830000000000,6840000000000,6000000000023,6839999999993,[9.999933345386390686e+09,9.999933345386400223e+09]
6190985,6840000000000,6850000000000,6000000000023,6849999999989,[9.999975213236768723e+09,9.999975213236778259e+09]
6264365,6850000000000,6860000000000,6000000000023,6859999999997,[1.000011448568179893e+10,1.000011448568180656e+10]
6336201,6860000000000,6870000000000,6000000000023,6869999999987,[1.000039704727597427e+10,1.000039704727598190e+10]
6409686,6870000000000,6880000000000,6000000000023,6879999999923,[9.999197311117944717e+09,9.999197311117952347e+09]
6481023,6880000000000,6890000000000,6000000000023,6889999999979,[9.999930381710371017e+09,9.999930381710380554e+09]
6553439,6890000000000,6900000000000,6000000000023,6899999999951,[9.999684424828380585e+09,9.999684424828388214e+09]
6625397,6900000000000,6910000000000,6000000000023,6909999999997,[1.000011207254636002e+10,1.000011207254636955e+10]
6696347,6910000000000,6920000000000,6000000000023,6919999999933,[1.000029898453760529e+10,1.000029898453761292e+10]
6768169,6920000000000,6930000000000,6000000000023,6929999999981,[9.999698977572525024e+09,9.999698977572532654e+09]
6842173,6930000000000,6940000000000,6000000000023,6939999999931,[1.000002106117158699e+10,1.000002106117159462e+10]
6914449,6940000000000,6950000000000,6000000000023,6949999999993,[1.000031802730141449e+10,1.000031802730142212e+10]
6988186,6950000000000,6960000000000,6000000000023,6959999999957,[1.000016237992671394e+10,1.000016237992672157e+10]
7063211,6960000000000,6970000000000,6000000000023,6969999999967,[9.999701613033006668e+09,9.999701613033014297e+09]
7134209,6970000000000,6980000000000,6000000000023,6979999999997,[9.999717051060096741e+09,9.999717051060106277e+09]
7207209,6980000000000,6990000000000,6000000000023,6989999999981,[9.999872485675922394e+09,9.999872485675930023e+09]
7280527,6990000000000,7000000000000,6000000000023,6999999999973,[1.000018857773794556e+10,1.000018857773795319e+10]
