73890,7000000000000,7010000000000,7000000000009,7009999999997,[1.000010988642737389e+10,1.000010988642738152e+10]
131141,7010000000000,7020000000000,7000000000009,7019999999981,[1.000004536868669510e+10,1.000004536868670464e+10]
199512,7020000000000,7030000000000,7000000000009,7029999999991,[1.000003101109060287e+10,1.000003101109061050e+10]
248371,7030000000000,7040000000000,7000000000009,7039999999999,[9.999945374232454300e+09,9.999945374232461929e+09]
297194,7040000000000,7050000000000,7000000000009,7049999999993,[1.000010849652771568e+10,1.000010849652772522e+10]
345994,7050000000000,7060000000000,7000000000009,7059999999961,[1.000009835350457764e+10,1.000009835350458527e+10]
394844,7060000000000,7070000000000,7000000000009,7069999999973,[1.000021117622205353e+10,1.000021117622206116e+10]
443685,7070000000000,7080000000000,7000000000009,7079999999951,[9.999958383870132446e+09,9.999958383870141983e+09]
491456,7080000000000,7090000000000,7000000000009,7089999999961,[9.999767842117984772e+09,9.999767842117994308e+09]
538993,7090000000000,7100000000000,7000000000009,7099999999921,[1.000051720813685799e+10,1.000051720813686752e+10]
586551,7100000000000,7110000000000,7000000000009,7109999999969,[9.999735568340263367e+09,9.999735568340272903e+09]
634071,7110000000000,7120000000000,7000000000009,7119999999967,[1.000013535105096626e+10,1.000013535105097580e+10]
681585,7120000000000,7130000000000,7000000000009,7129999999909,[9.999883145787092209e+09,9.999883145787099838e+09]
729173,7130000000000,7140000000000,7000000000009,7139999999981,[1.000030492771569443e+10,1.000030492771570206e+10]
776755,7140000000000,7150000000000,7000000000009,7149999999997,[1.000009811353203773e+10,1.000009811353204727e+10]
824254,7150000000000,7160000000000,7000000000009,7159999999963,[1.000021719483847809e+10,1.000021719483848572e+10]
871783,7160000000000,7170000000000,7000000000009,7169999999999,[9.999947245514802933e+09,9.999947245514812469e+09]
919327,7170000000000,7180000000000,7000000000009,7179999999983,[9.999942104879749298e+09,9.999942104879758835e+09]
966826,7180000000000,7190000000000,7000000000009,7189999999981,[9.999803757567436218e+09,9.999803757567443848e+09]
1014332,7190000000000,7200000000000,7000000000009,7199999999981,[1.000011243777960587e+10,1.000011243777961349e+10]
1061871,7200000000000,7210000000000,7000000000009,7209999999893,[1.000003340825292778e+10,1.000003340825293732e+10]
1109389,7210000000000,7220000000000,7000000000009,7219999999991,[1.000004481091069984e+10,1.000004481091070747e+10]
1156876,7220000000000,7230000000000,7000000000009,7229999999993,[1.000010375708699799e+10,1.000010375708700752e+10]
1204397,7230000000000,7240000000000,7000000000009,7239999999983,[9.999878494796421051e+09,9.999878494796430588e+09]
1251931,7240000000000,7250000000000,7000000000009,7249999999997,[1.000014141652701187e+10,1.000014141652702141e+10]
1299426,7250000000000,7260000000000,7000000000009,7259999999951,[9.999853047889215469e+09,9.999853047889223099e+09]
1346921,7260000000000,7270000000000,7000000000009,7269999999853,[9.999934324320552826e+09,9.999934324320560455e+09]
1394457,7270000000000,7280000000000,7000000000009,7279999999997,[9.999662650283699036e+09,9.999662650283706665e+09]
1441953,7280000000000,7290000000000,7000000000009,7289999999969,[1.000006411308842659e+10,1.000006411308843613e+10]
1489429,7290000000000,7300000000000,7000000000009,7299999999923,[9.999768191880620956e+09,9.999768191880628586e+09]
1536946,7300000000000,7310000000000,7000000000009,7309999999999,[1.000026836776156425e+10,1.000026836776157379e+10]
1584464,7310000000000,7320000000000,7000000000009,7319999999993,[9.999774628526771545e+09,9.999774628526781082e+09]
1631934,7320000000000,7330000000000,7000000000009,7329999999937,[9.999890130365995407e+09,9.999890130366004944e+09]
1679425,7330000000000,7340000000000,7000000000009,7339999999991,[9.999706684443571091e+09,9.999706684443578720e+09]
1726944,7340000000000,7350000000000,7000000000009,7349999999989,[9.999978393099737167e+09,9.999978393099746704e+09]
1774426,7350000000000,7360000000000,7000000000009,7359999999941,[9.999851132394870758e+09,9.999851132394878387e+09]
1821891,7360000000000,7370000000000,7000000000009,7369999999987,[9.999604658256650925e+09,9.999604658256660461e+09]
1869402,7370000000000,7380000000000,7000000000009,7379999999993,[9.999883318111942291e+09,9.999883318111949921e+09]
1916908,7380000000000,7390000000000,7000000000009,7389999999959,[1.000011405714457703e+10,1.000011405714458466e+10]
1964379,7390000000000,7400000000000,7000000000009,7399999999993,[1.000016002230168915e+10,1.000016002230169678e+10]
2011868,7400000000000,7410000000000,7000000000009,7409999999999,[1.000017373693424416e+10,1.000017373693425179e+10]
2059387,7410000000000,7420000000000,7000000000009,7419999999989,[1.000023821830541229e+10,1.000023821830542183e+10]
2106856,7420000000000,7430000000000,7000000000009,7429999999973,[9.999950959856126785e+09,9.999950959856136322e+09]
2154318,7430000000000,7440000000000,7000000000009,7439999999989,[9.999985519987365723e+09,9.999985519987375259e+09]
2201820,7440000000000,7450000000000,7000000000009,7449999999947,[9.999753345095705032e+09,9.999753345095714569e+09]
2249303,7450000000000,7460000000000,7000000000009,7459999999981,[9.999925413582496643e+09,9.999925413582506180e+09]
2296755,7460000000000,7470000000000,7000000000009,7469999999989,[1.000006741335248375e+10,1.000006741335249138e+10]
2344245,7470000000000,7480000000000,7000000000009,7479999999947,[1.000013543852446175e+10,1.000013543852446938e+10]
2391757,7480000000000,7490000000000,7000000000009,7489999999991,[1.000009711752719498e+10,1.000009711752720261e+10]
2439210,7490000000000,7500000000000,7000000000009,7499999999963,[9.999924189263637543e+09,9.999924189263647079e+09]
2486679,7500000000000,7510000000000,7000000000009,7509999999949,[1.000002867952911949e+10,1.000002867952912903e+10]
2534187,7510000000000,7520000000000,7000000000009,7519999999969,[1.000012130838522339e+10,1.000012130838523102e+10]
2581660,7520000000000,7530000000000,7000000000009,7529999999971,[1.000015223929182243e+10,1.000015223929183197e+10]
2629108,7530000000000,7540000000000,7000000000009,7539999999967,[9.999660528375886917e+09,9.999660528375896454e+09]
2676611,7540000000000,7550000000000,7000000000009,7549999999973,[1.000012621992370033e+10,1.000012621992370987e+10]
2724103,7550000000000,7560000000000,7000000000009,7559999999987,[1.000039377629283142e+10,1.000039377629284096e+10]
2771547,7560000000000,7570000000000,7000000000009,7569999999973,[9.999957587369037628e+09,9.999957587369047165e+09]
2819005,7570000000000,7580000000000,7000000000009,7579999999973,[9.999842190272991180e+09,9.999842190273000717e+09]
2866492,7580000000000,7590000000000,7000000000009,7589999999903,[9.999917124205375671e+09,9.999917124205385208e+09]
2913948,7590000000000,7600000000000,7000000000009,7599999999979,[1.000011849282270813e+10,1.000011849282271576e+10]
2961382,7600000000000,7610000000000,7000000000009,7609999999997,[9.999676921786918640e+09,9.999676921786928177e+09]
3008864,7610000000000,7620000000000,7000000000009,7619999999971,[9.999999824693168640e+09,9.999999824693176270e+09]
3056335,7620000000000,7630000000000,7000000000009,7629999999997,[9.999872155844198227e+09,9.999872155844207764e+09]
3103773,7630000000000,7640000000000,7000000000009,7639999999991,[1.000011795660418129e+10,1.000011795660418892e+10]
3151264,7640000000000,7650000000000,7000000000009,7649999999989,[9.999610063628269196e+09,9.999610063628278732e+09]
3198747,7650000000000,7660000000000,7000000000009,7659999999997,[1.000037426535014153e+10,1.000037426535015106e+10]
3246184,7660000000000,7670000000000,7000000000009,7669999999939,[1.000000944810913277e+10,1.000000944810914040e+10]
3293613,7670000000000,7680000000000,7000000000009,7679999999983,[1.000020723275833893e+10,1.000020723275834846e+10]
3341089,7680000000000,7690000000000,7000000000009,7689999999991,[1.000029638790189743e+10,1.000029638790190506e+10]
3388545,7690000000000,7700000000000,7000000000009,7699999999999,[1.000031023043356895e+10,1.000031023043357849e+10]
3435967,7700000000000,7710000000000,7000000000009,7709999999929,[1.000003875263041687e+10,1.000003875263042450e+10]
3483415,7710000000000,7720000000000,7000000000009,7719999999991,[9.999646111973705292e+09,9.999646111973714828e+09]
3530885,7720000000000,7730000000000,7000000000009,7729999999927,[9.999971717348602295e+09,9.999971717348611832e+09]
3578311,7730000000000,7740000000000,7000000000009,7739999999987,[1.000028271538055611e+10,1.000028271538056564e+10]
3625737,7740000000000,7750000000000,7000000000009,7749999999949,[9.999846762365722656e+09,9.999846762365730286e+09]
3673215,7750000000000,7760000000000,7000000000009,7759999999993,[9.999961643416484833e+09,9.999961643416494370e+09]
3720649,7760000000000,7770000000000,7000000000009,7769999999987,[9.999961575318809509e+09,9.999961575318819046e+09]
3768061,7770000000000,7780000000000,7000000000009,7779999999977,[1.000014118008421135e+10,1.000014118008422089e+10]
3815507,7780000000000,7790000000000,7000000000009,7789999999993,[9.999749123121343613e+09,9.999749123121353149e+09]
3862961,7790000000000,7800000000000,7000000000009,7799999999993,[1.000005416752093887e+10,1.000005416752094841e+10]
3910369,7800000000000,7810000000000,7000000000009,7809999999979,[1.000039792737557793e+10,1.000039792737558746e+10]
3957785,7810000000000,7820000000000,7000000000009,7819999999963,[9.999959043338741302e+09,9.999959043338750839e+09]
4005239,7820000000000,7830000000000,7000000000009,7829999999959,[1.000010293945458031e+10,1.000010293945458794e+10]
4052658,7830000000000,7840000000000,7000000000009,7839999999977,[9.999863841340299606e+09,9.999863841340309143e+09]
4100061,7840000000000,7850000000000,7000000000009,7849999999997,[9.999854555437923431e+09,9.999854555437931061e+09]
4147504,7850000000000,7860000000000,7000000000009,7859999999893,[1.000035207745325279e+10,1.000035207745326042e+10]
4194943,7860000000000,7870000000000,7000000000009,7869999999931,[1.000006483591215324e+10,1.000006483591216087e+10]
4242338,7870000000000,7880000000000,7000000000009,7879999999939,[9.999938158477754593e+09,9.999938158477762222e+09]
4289756,7880000000000,7890000000000,7000000000009,7889999999989,[9.999982199490669250e+09,9.999982199490676880e+09]
4337214,7890000000000,7900000000000,7000000000009,7899999999979,[1.000010837647362328e+10,1.000010837647363281e+10]
4384614,7900000000000,7910000000000,7000000000009,7909999999997,[9.999738525281085968e+09,9.999738525281095505e+09]
4432006,7910000000000,7920000000000,7000000000009,7919999999981,[1.000039077607341576e+10,1.000039077607342339e+10]
4479441,7920000000000,7930000000000,7000000000009,7929999999983,[9.999726726506912231e+09,9.999726726506919861e+09]
4526863,7930000000000,7940000000000,7000000000009,7939999999949,[9.999938475056829453e+09,9.999938475056837082e+09]
4574248,7940000000000,7950000000000,7000000000009,7949999999983,[9.999737056801919937e+09,9.999737056801929474e+09]
4621657,7950000000000,7960000000000,7000000000009,7959999999979,[9.999971740839693069e+09,9.999971740839700699e+09]
4669091,7960000000000,7970000000000,7000000000009,7969999999993,[1.000027746809160805e+10,1.000027746809161758e+10]
4716478,7970000000000,7980000000000,7000000000009,7979999999971,[1.000030769196948624e+10,1.000030769196949387e+10]
4763869,7980000000000,7990000000000,7000000000009,7989999999979,[9.999829363477167130e+09,9.999829363477176666e+09]
4810674,7990000000000,8000000000000,7000000000009,7999999999993,[1.000000024192969894e+10,1.000000024192970848e+10]
