73437,8000000000000,8010000000000,8000000000009,8009999999999,[9.999974062399433136e+09,9.999974062399440765e+09]
134949,8010000000000,8020000000000,8000000000009,8019999999953,[1.000007796652363396e+10,1.000007796652364349e+10]
183648,8020000000000,8030000000000,8000000000009,8029999999981,[1.000009193554075050e+10,1.000009193554076004e+10]
232298,8030000000000,8040000000000,8000000000009,8039999999959,[9.999789610479763031e+09,9.999789610479770660e+09]
280953,8040000000000,8050000000000,8000000000009,8049999999961,[1.000024947822829247e+10,1.000024947822830200e+10]
329601,8050000000000,8060000000000,8000000000009,8059999999979,[9.999845783224098206e+09,9.999845783224105835e+09]
378241,8060000000000,8070000000000,8000000000009,8069999999977,[9.999778353861345291e+09,9.999778353861354828e+09]
426887,8070000000000,8080000000000,8000000000009,8079999999991,[9.999978502982105255e+09,9.999978502982114792e+09]
474525,8080000000000,8090000000000,8000000000009,8089999999951,[1.000011273005634117e+10,1.000011273005635071e+10]
521881,8090000000000,8100000000000,8000000000009,8099999999999,[9.999747974878015518e+09,9.999747974878023148e+09]
569237,8100000000000,8110000000000,8000000000009,8109999999989,[1.000011376226086617e+10,1.000011376226087379e+10]
616596,8110000000000,8120000000000,8000000000009,8119999999981,[1.000022826910651207e+10,1.000022826910652161e+10]
663956,8120000000000,8130000000000,8000000000009,8129999999999,[9.999806841163713455e+09,9.999806841163722992e+09]
711339,8130000000000,8140000000000,8000000000009,8139999999997,[1.000018381556537056e+10,1.000018381556537819e+10]
758738,8140000000000,8150000000000,8000000000009,8149999999969,[1.000003975870775604e+10,1.000003975870776558e+10]
806088,8150000000000,8160000000000,8000000000009,8159999999993,[9.999910885436422348e+09,9.999910885436429977e+09]
853433,8160000000000,8170000000000,8000000000009,8169999999991,[9.999917444187803268e+09,9.999917444187810898e+09]
900773,8170000000000,8180000000000,8000000000009,8179999999981,[9.999583451339485168e+09,9.999583451339492798e+09]
948120,8180000000000,8190000000000,8000000000009,8189999999969,[9.999882029166355133e+09,9.999882029166364670e+09]
995465,8190000000000,8200000000000,8000000000009,8199999999937,[1.000017209709497261e+10,1.000017209709498024e+10]
1042802,8200000000000,8210000000000,8000000000009,8209999999991,[9.999861950478166580e+09,9.999861950478174210e+09]
1090143,8210000000000,8220000000000,8000000000009,8219999999963,[9.999824767897205353e+09,9.999824767897214890e+09]
1137483,8220000000000,8230000000000,8000000000009,8229999999953,[9.999722956993602753e+09,9.999722956993612289e+09]
1184819,8230000000000,8240000000000,8000000000009,8239999999951,[1.000019223272354889e+10,1.000019223272355843e+10]
1232152,8240000000000,8250000000000,8000000000009,8249999999993,[9.999940644703683853e+09,9.999940644703693390e+09]
1279495,8250000000000,8260000000000,8000000000009,8259999999893,[1.000003579385280800e+10,1.000003579385281754e+10]
1326834,8260000000000,8270000000000,8000000000009,8269999999991,[9.999699155301425934e+09,9.999699155301433563e+09]
1374161,8270000000000,8280000000000,8000000000009,8279999999981,[9.999884777652214050e+09,9.999884777652221680e+09]
1421495,8280000000000,8290000000000,8000000000009,8289999999997,[1.000025948764972115e+10,1.000025948764972878e+10]
1468829,8290000000000,8300000000000,8000000000009,8299999999999,[1.000033508263400650e+10,1.000033508263401604e+10]
1516155,8300000000000,8310000000000,8000000000009,8309999999923,[1.000008831339678955e+10,1.000008831339679718e+10]
1563480,8310000000000,8320000000000,8000000000009,8319999999989,[1.000005963456627274e+10,1.000005963456628227e+10]
1610807,8320000000000,8330000000000,8000000000009,8329999999999,[9.999909354992954254e+09,9.999909354992963791e+09]
1658127,8330000000000,8340000000000,8000000000009,8339999999993,[9.999957573744710922e+09,9.999957573744720459e+09]
1705448,8340000000000,8350000000000,8000000000009,8349999999997,[9.999964167482528687e+09,9.999964167482538223e+09]
1752771,8350000000000,8360000000000,8000000000009,8359999999997,[9.999751313660051346e+09,9.999751313660060883e+09]
1800093,8360000000000,8370000000000,8000000000009,8369999999981,[1.000013442839238358e+10,1.000013442839239120e+10]
1847410,8370000000000,8380000000000,8000000000009,8379999999983,[1.000009173641814995e+10,1.000009173641815758e+10]
1894730,8380000000000,8390000000000,8000000000009,8389999999919,[1.000004625187005806e+10,1.000004625187006569e+10]
1942063,8390000000000,8400000000000,8000000000009,8399999999971,[1.000047810253325272e+10,1.000047810253326035e+10]
1989374,8400000000000,8410000000000,8000000000009,8409999999983,[9.999690712305370331e+09,9.999690712305379868e+09]
2036694,8410000000000,8420000000000,8000000000009,8419999999949,[9.999739789545257568e+09,9.999739789545265198e+09]
2084016,8420000000000,8430000000000,8000000000009,8429999999983,[1.000027372799905586e+10,1.000027372799906540e+10]
2131326,8430000000000,8440000000000,8000000000009,8439999999983,[9.999714014765260696e+09,9.999714014765268326e+09]
2178634,8440000000000,8450000000000,8000000000009,8449999999913,[9.999721483383371353e+09,9.999721483383378983e+09]
2225941,8450000000000,8460000000000,8000000000009,8459999999951,[9.999963364222078323e+09,9.999963364222087860e+09]
2273250,8460000000000,8470000000000,8000000000009,8469999999961,[1.000008037273320198e+10,1.000008037273320961e+10]
2320558,8470000000000,8480000000000,8000000000009,8479999999943,[1.000019685190827560e+10,1.000019685190828514e+10]
2367875,8480000000000,8490000000000,8000000000009,8489999999993,[9.999844008967678070e+09,9.999844008967687607e+09]
2415186,8490000000000,8500000000000,8000000000009,8499999999979,[1.000031411930996513e+10,1.000031411930997276e+10]
2462497,8500000000000,8510000000000,8000000000009,8509999999999,[9.999680671342021942e+09,9.999680671342031479e+09]
2509810,8510000000000,8520000000000,8000000000009,8519999999941,[1.000018152788640594e+10,1.000018152788641548e+10]
2557117,8520000000000,8530000000000,8000000000009,8529999999973,[1.000002577460318184e+10,1.000002577460319138e+10]
2604423,8530000000000,8540000000000,8000000000009,8539999999997,[9.999913310804607391e+09,9.999913310804615021e+09]
2651738,8540000000000,8550000000000,8000000000009,8549999999951,[1.000034376552512169e+10,1.000034376552513123e+10]
2699040,8550000000000,8560000000000,8000000000009,8559999999979,[9.999908536947330475e+09,9.999908536947340012e+09]
2746343,8560000000000,8570000000000,8000000000009,8569999999997,[9.999985883664836884e+09,9.999985883664844513e+09]
2793641,8570000000000,8580000000000,8000000000009,8579999999993,[9.999754404890607834e+09,9.999754404890617371e+09]
2840933,8580000000000,8590000000000,8000000000009,8589999999953,[1.000000502582131195e+10,1.000000502582132149e+10]
2888232,8590000000000,8600000000000,8000000000009,8599999999937,[9.999869521477561951e+09,9.999869521477569580e+09]
2935528,8600000000000,8610000000000,8000000000009,8609999999987,[1.000004389915024185e+10,1.000004389915025139e+10]
2982819,8610000000000,8620000000000,8000000000009,8619999999979,[1.000025194840675163e+10,1.000025194840675926e+10]
3030110,8620000000000,8630000000000,8000000000009,8629999999993,[9.999733404061836243e+09,9.999733404061845779e+09]
3077408,8630000000000,8640000000000,8000000000009,8639999999977,[1.000026322270586586e+10,1.000026322270587540e+10]
3124732,8640000000000,8650000000000,8000000000009,8649999999997,[9.999487032587989807e+09,9.999487032587999344e+09]
3172022,8650000000000,8660000000000,8000000000009,8659999999969,[1.000030793913750839e+10,1.000030793913751793e+10]
3219313,8660000000000,8670000000000,8000000000009,8669999999959,[1.000013696249031448e+10,1.000013696249032402e+10]
3266601,8670000000000,8680000000000,8000000000009,8679999999977,[1.000027654617630959e+10,1.000027654617631721e+10]
3313879,8680000000000,8690000000000,8000000000009,8689999999981,[9.999938148269723892e+09,9.999938148269733429e+09]
3361163,8690000000000,8700000000000,8000000000009,8699999999983,[9.999888661198503494e+09,9.999888661198513031e+09]
3408444,8700000000000,8710000000000,8000000000009,8709999999977,[1.000006505182250595e+10,1.000006505182251549e+10]
3455721,8710000000000,8720000000000,8000000000009,8719999999993,[9.999834033270990372e+09,9.999834033270998001e+09]
3502997,8720000000000,8730000000000,8000000000009,8729999999939,[9.999982579730684280e+09,9.999982579730693817e+09]
3550281,8730000000000,8740000000000,8000000000009,8739999999923,[1.000024104865934181e+10,1.000024104865934944e+10]
3597561,8740000000000,8750000000000,8000000000009,8749999999997,[1.000004057314798355e+10,1.000004057314799118e+10]
3644834,8750000000000,8760000000000,8000000000009,8759999999953,[9.999844014705362320e+09,9.999844014705371857e+09]
3692116,8760000000000,8770000000000,8000000000009,8769999999979,[9.999698896931257248e+09,9.999698896931266785e+09]
3739382,8770000000000,8780000000000,8000000000009,8779999999999,[9.999741442819917679e+09,9.999741442819925308e+09]
3786608,8780000000000,8790000000000,8000000000009,8789999999983,[1.000049164810429955e+10,1.000049164810430717e+10]
3833682,8790000000000,8800000000000,8000000000009,8799999999983,[9.999646091602815628e+09,9.999646091602825165e+09]
3880540,8800000000000,8810000000000,8000000000009,8809999999987,[9.999934011102743149e+09,9.999934011102752686e+09]
3927399,8810000000000,8820000000000,8000000000009,8819999999977,[1.000023410669077110e+10,1.000023410669077873e+10]
3974259,8820000000000,8830000000000,8000000000009,8829999999967,[9.999824350341566086e+09,9.999824350341575623e+09]
4021172,8830000000000,8840000000000,8000000000009,8839999999933,[1.000007066178640747e+10,1.000007066178641510e+10]
4068068,8840000000000,8850000000000,8000000000009,8849999999999,[9.999869520201454163e+09,9.999869520201463699e+09]
4114927,8850000000000,8860000000000,8000000000009,8859999999989,[1.000035710127576256e+10,1.000035710127577209e+10]
4161812,8860000000000,8870000000000,8000000000009,8869999999963,[1.000002001409661293e+10,1.000002001409662056e+10]
4208720,8870000000000,8880000000000,8000000000009,8879999999971,[9.999896097673633575e+09,9.999896097673643112e+09]
4255586,8880000000000,8890000000000,8000000000009,8889999999997,[1.000021924494383430e+10,1.000021924494384384e+10]
4302448,8890000000000,8900000000000,8000000000009,8899999999949,[9.999789181432430267e+09,9.999789181432437897e+09]
4349360,8900000000000,8910000000000,8000000000009,8909999999987,[9.999770093455280304e+09,9.999770093455287933e+09]
4396243,8910000000000,8920000000000,8000000000009,8919999999991,[1.000020538092985725e+10,1.000020538092986488e+10]
4443090,8920000000000,8930000000000,8000000000009,8929999999997,[9.999834897927505493e+09,9.999834897927513123e+09]
4489969,8930000000000,8940000000000,8000000000009,8939999999969,[9.999948499195831299e+09,9.999948499195838928e+09]
4536871,8940000000000,8950000000000,8000000000009,8949999999971,[1.000035988856970024e+10,1.000035988856970978e+10]
4583717,8950000000000,8960000000000,8000000000009,8959999999997,[9.999985106635427475e+09,9.999985106635435104e+09]
4630571,8960000000000,8970000000000,8000000000009,8969999999993,[9.999737016733438492e+09,9.999737016733446121e+09]
4677467,8970000000000,8980000000000,8000000000009,8979999999973,[9.999897435663967133e+09,9.999897435663976669e+09]
4724332,8980000000000,8990000000000,8000000000009,8989999999951,[1.000000599550254822e+10,1.000000599550255585e+10]
4771173,8990000000000,9000000000000,8000000000009,8999999999993,[9.999759532472593307e+09,9.999759532472600937e+09]
