72864,9000000000000,9010000000000,9000000000059,9009999999953,[1.000046948774641037e+10,1.000046948774641991e+10]
141074,9010000000000,9020000000000,9000000000059,9019999999963,[9.999750888901416779e+09,9.999750888901426315e+09]
189273,9020000000000,9030000000000,9000000000059,9029999999981,[1.000010982788998985e+10,1.000010982788999748e+10]
237466,9030000000000,9040000000000,9000000000059,9039999999949,[9.999716194975009918e+09,9.999716194975017548e+09]
285656,9040000000000,9050000000000,9000000000059,9049999999979,[1.000034433559596252e+10,1.000034433559597206e+10]
333849,9050000000000,9060000000000,9000000000059,9059999999969,[1.000029105649544907e+10,1.000029105649545860e+10]
382037,9060000000000,9070000000000,9000000000059,9069999999997,[9.999751102994863510e+09,9.999751102994871140e+09]
428961,9070000000000,9080000000000,9000000000059,9079999999949,[9.999572744794677734e+09,9.999572744794685364e+09]
475882,9080000000000,9090000000000,9000000000059,9089999999953,[1.000016222815535736e+10,1.000016222815536499e+10]
522805,9090000000000,9100000000000,9000000000059,9099999999991,[9.999869468748113632e+09,9.999869468748121262e+09]
569725,9100000000000,9110000000000,9000000000059,9109999999993,[1.000004512175928307e+10,1.000004512175929070e+10]
616658,9110000000000,9120000000000,9000000000059,9119999999987,[9.999687552914127350e+09,9.999687552914134979e+09]
663600,9120000000000,9130000000000,9000000000059,9129999999973,[1.000001595525661278e+10,1.000001595525662041e+10]
710566,9130000000000,9140000000000,9000000000059,9139999999973,[1.000037448133555031e+10,1.000037448133555794e+10]
757476,9140000000000,9150000000000,9000000000059,9149999999999,[1.000007752629471970e+10,1.000007752629472923e+10]
804390,9150000000000,9160000000000,9000000000059,9159999999973,[9.999958763208168030e+09,9.999958763208175659e+09]
851301,9160000000000,9170000000000,9000000000059,9169999999999,[1.000030249871746445e+10,1.000030249871747398e+10]
898213,9170000000000,9180000000000,9000000000059,9179999999977,[1.000012582521958733e+10,1.000012582521959496e+10]
945118,9180000000000,9190000000000,9000000000059,9189999999953,[1.000009703214786148e+10,1.000009703214787102e+10]
992027,9190000000000,9200000000000,9000000000059,9199999999969,[9.999826264034746170e+09,9.999826264034755707e+09]
1038934,9200000000000,9210000000000,9000000000059,9209999999903,[1.000030067348999214e+10,1.000030067349000168e+10]
1085838,9210000000000,9220000000000,9000000000059,9219999999983,[9.999851522674200058e+09,9.999851522674207687e+09]
1132744,9220000000000,9230000000000,9000000000059,9229999999999,[1.000056692825605774e+10,1.000056692825606728e+10]
1179647,9230000000000,9240000000000,9000000000059,9239999999981,[1.000010121323832321e+10,1.000010121323833084e+10]
1226562,9240000000000,9250000000000,9000000000059,9249999999973,[1.000004665408733177e+10,1.000004665408734131e+10]
1273460,9250000000000,9260000000000,9000000000059,9259999999949,[9.999694034989049911e+09,9.999694034989057541e+09]
1320362,9260000000000,9270000000000,9000000000059,9269999999993,[1.000019263096140480e+10,1.000019263096141434e+10]
1367257,9270000000000,9280000000000,9000000000059,9279999999973,[9.999636122418106079e+09,9.999636122418113708e+09]
1414152,9280000000000,9290000000000,9000000000059,9289999999981,[1.000006482025374794e+10,1.000006482025375557e+10]
1461047,9290000000000,9300000000000,9000000000059,9299999999977,[9.999884933610530853e+09,9.999884933610540390e+09]
1507948,9300000000000,9310000000000,9000000000059,9309999999983,[9.999956385831829071e+09,9.999956385831838608e+09]
1554838,9310000000000,9320000000000,9000000000059,9319999999993,[9.999874984199960709e+09,9.999874984199970245e+09]
1601726,9320000000000,9330000000000,9000000000059,9329999999993,[1.000002400446093941e+10,1.000002400446094704e+10]
1648619,9330000000000,9340000000000,9000000000059,9339999999989,[9.999653222092309952e+09,9.999653222092319489e+09]
1695509,9340000000000,9350000000000,9000000000059,9349999999997,[1.000025947550506592e+10,1.000025947550507545e+10]
1742399,9350000000000,9360000000000,9000000000059,9359999999969,[1.000054445166909409e+10,1.000054445166910172e+10]
1789284,9360000000000,9370000000000,9000000000059,9369999999989,[9.999989356076507568e+09,9.999989356076517105e+09]
1836179,9370000000000,9380000000000,9000000000059,9379999999963,[9.999783256487586975e+09,9.999783256487594604e+09]
1883075,9380000000000,9390000000000,9000000000059,9389999999923,[9.999920057444280624e+09,9.999920057444288254e+09]
1929958,9390000000000,9400000000000,9000000000059,9399999999989,[9.999753212713088989e+09,9.999753212713098526e+09]
1976853,9400000000000,9410000000000,9000000000059,9409999999993,[1.000041702129463387e+10,1.000041702129464340e+10]
2023741,9410000000000,9420000000000,9000000000059,9419999999987,[9.999962172032634735e+09,9.999962172032642365e+09]
2070622,9420000000000,9430000000000,9000000000059,9429999999991,[1.000029802510415840e+10,1.000029802510416794e+10]
2117502,9430000000000,9440000000000,9000000000059,9439999999979,[9.999945762816757202e+09,9.999945762816764832e+09]
2164382,9440000000000,9450000000000,9000000000059,9449999999887,[9.999877764525634766e+09,9.999877764525644302e+09]
2211255,9450000000000,9460000000000,9000000000059,9459999999991,[9.999704495789072037e+09,9.999704495789081573e+09]
2258138,9460000000000,9470000000000,9000000000059,9469999999907,[1.000015545781027031e+10,1.000015545781027794e+10]
2305032,9470000000000,9480000000000,9000000000059,9479999999983,[9.999842199339168549e+09,9.999842199339178085e+09]
2351910,9480000000000,9490000000000,9000000000059,9489999999959,[9.999899440356210709e+09,9.999899440356218338e+09]
2398795,9490000000000,9500000000000,9000000000059,9499999999991,[1.000016946151686859e+10,1.000016946151687622e+10]
2445681,9500000000000,9510000000000,9000000000059,9509999999959,[9.999612670735855103e+09,9.999612670735862732e+09]
2492562,9510000000000,9520000000000,9000000000059,9519999999931,[1.000001908015260887e+10,1.000001908015261841e+10]
2539438,9520000000000,9530000000000,9000000000059,9529999999997,[9.999985304291389465e+09,9.999985304291399002e+09]
2586329,9530000000000,9540000000000,9000000000059,9539999999921,[9.999870737960712433e+09,9.999870737960720062e+09]
2633205,9540000000000,9550000000000,9000000000059,9549999999913,[9.999920477278095245e+09,9.999920477278102875e+09]
2680080,9550000000000,9560000000000,9000000000059,9559999999969,[1.000011311235412788e+10,1.000011311235413551e+10]
2726953,9560000000000,9570000000000,9000000000059,9569999999993,[1.000010490815636635e+10,1.000010490815637589e+10]
2773825,9570000000000,9580000000000,9000000000059,9579999999991,[1.000019689079438019e+10,1.000019689079438782e+10]
2820694,9580000000000,9590000000000,9000000000059,9589999999991,[9.999845654629911423e+09,9.999845654629919052e+09]
2867556,9590000000000,9600000000000,9000000000059,9599999999977,[9.999686031415164948e+09,9.999686031415174484e+09]
2914427,9600000000000,9610000000000,9000000000059,9609999999997,[1.000021738010628128e+10,1.000021738010628891e+10]
2961293,9610000000000,9620000000000,9000000000059,9619999999993,[9.999517869928543091e+09,9.999517869928550720e+09]
3008159,9620000000000,9630000000000,9000000000059,9629999999969,[1.000017361591019058e+10,1.000017361591019821e+10]
3055060,9630000000000,9640000000000,9000000000059,9639999999989,[1.000029974188417244e+10,1.000029974188418007e+10]
3101927,9640000000000,9650000000000,9000000000059,9649999999963,[9.999674556810129166e+09,9.999674556810136795e+09]
3148791,9650000000000,9660000000000,9000000000059,9659999999987,[9.999823047969924927e+09,9.999823047969934464e+09]
3195648,9660000000000,9670000000000,9000000000059,9669999999973,[1.000014081196783257e+10,1.000014081196784210e+10]
3242510,9670000000000,9680000000000,9000000000059,9679999999987,[1.000016250703276443e+10,1.000016250703277397e+10]
3289367,9680000000000,9690000000000,9000000000059,9689999999951,[9.999755385949384689e+09,9.999755385949392319e+09]
3336220,9690000000000,9700000000000,9000000000059,9699999999967,[1.000007338800426674e+10,1.000007338800427437e+10]
3383073,9700000000000,9710000000000,9000000000059,9709999999991,[9.999300707450950623e+09,9.999300707450958252e+09]
3429930,9710000000000,9720000000000,9000000000059,9719999999993,[1.000042843081350899e+10,1.000042843081351662e+10]
3476786,9720000000000,9730000000000,9000000000059,9729999999997,[1.000045768375689888e+10,1.000045768375690842e+10]
3523640,9730000000000,9740000000000,9000000000059,9739999999937,[9.999872373365552902e+09,9.999872373365562439e+09]
3570499,9740000000000,9750000000000,9000000000059,9749999999983,[1.000008918770960808e+10,1.000008918770961571e+10]
3617360,9750000000000,9760000000000,9000000000059,9759999999991,[9.999663734507579803e+09,9.999663734507589340e+09]
3664204,9760000000000,9770000000000,9000000000059,9769999999849,[9.999759302981187820e+09,9.999759302981197357e+09]
3711050,9770000000000,9780000000000,9000000000059,9779999999993,[9.999767009457675934e+09,9.999767009457683563e+09]
3757896,9780000000000,9790000000000,9000000000059,9789999999961,[9.999953846947080612e+09,9.999953846947088242e+09]
3804743,9790000000000,9800000000000,9000000000059,9799999999877,[1.000062407642521477e+10,1.000062407642522430e+10]
3851583,9800000000000,9810000000000,9000000000059,9809999999983,[9.999716435717760086e+09,9.999716435717769623e+09]
3898428,9810000000000,9820000000000,9000000000059,9819999999983,[1.000016243630728722e+10,1.000016243630729675e+10]
3945268,9820000000000,9830000000000,9000000000059,9829999999997,[1.000001327477187729e+10,1.000001327477188492e+10]
3992109,9830000000000,9840000000000,9000000000059,9839999999971,[1.000021926835127258e+10,1.000021926835128021e+10]
4038949,9840000000000,9850000000000,9000000000059,9849999999997,[9.999915644662460327e+09,9.999915644662467957e+09]
4085790,9850000000000,9860000000000,9000000000059,9859999999973,[1.000029034426469612e+10,1.000029034426470566e+10]
4132626,9860000000000,9870000000000,9000000000059,9869999999999,[1.000003945810075188e+10,1.000003945810075951e+10]
4179458,9870000000000,9880000000000,9000000000059,9879999999973,[9.999904348284152985e+09,9.999904348284162521e+09]
4226300,9880000000000,9890000000000,9000000000059,9889999999993,[9.999834567414123535e+09,9.999834567414133072e+09]
4273143,9890000000000,9900000000000,9000000000059,9899999999993,[9.999676777876337051e+09,9.999676777876346588e+09]
4319974,9900000000000,9910000000000,9000000000059,9909999999983,[9.999897808428756714e+09,9.999897808428764343e+09]
4366806,9910000000000,9920000000000,9000000000059,9919999999999,[1.000001635800481224e+10,1.000001635800481987e+10]
4413638,9920000000000,9930000000000,9000000000059,9929999999977,[1.000045194643529129e+10,1.000045194643529892e+10]
4460467,9930000000000,9940000000000,9000000000059,9939999999977,[9.999987055413358688e+09,9.999987055413368225e+09]
4507294,9940000000000,9950000000000,9000000000059,9949999999943,[1.000022601660404205e+10,1.000022601660405159e+10]
4554123,9950000000000,9960000000000,9000000000059,9959999999977,[1.000003771837601852e+10,1.000003771837602806e+10]
4600949,9960000000000,9970000000000,9000000000059,9969999999997,[1.000028488100411415e+10,1.000028488100412178e+10]
4647773,9970000000000,9980000000000,9000000000059,9979999999999,[1.000002534437705040e+10,1.000002534437705994e+10]
4694600,9980000000000,9990000000000,9000000000059,9989999999933,[9.999902872899044037e+09,9.999902872899053574e+09]
4740750,9990000000000,10000000000000,9000000000059,9999999999971,[9.999932810518440247e+09,9.999932810518447876e+09]
